MATERIAL INFORMATION	
	Material = Hydroxyapatite (powder)
SAXS INSTRUMENT	
	Source = Cu K-alpha
	Wavelength = 1.5418 A 
	Sample-to-detector distance = 106 mm
	Exposure time = 500 s

===============================================================	
q (A^-1)	I(q)
===============================================================
0.00178309	-0.0796673
0.00301064	-0.0820714
0.00423819	-0.0921456
0.00546573	-0.169923
0.00669328	-0.227412
0.00792082	-0.221712
0.00914837	-0.151686
0.0103759	-0.0617663
0.0116035	0.0185004
0.012831	0.0481432
0.0140586	0.0440716
0.0152861	0.0106337
0.0165136	-0.0127732
0.0177412	0.0105322
0.0189687	0.0262991
0.0201963	-0.0223398
0.0214238	-0.0382579
0.0226514	0.0630461
0.0238789	0.0793282
0.0251064	-0.198446
0.026334	-0.333426
0.0275615	0.111475
0.0287891	-0.341979
0.0300166	-3.174
0.0312441	-6.13037
0.0324717	-6.95235
0.0336992	-6.24105
0.0349267	-4.5934
0.0361543	-2.5813
0.0373818	-0.789868
0.0386094	0.353709
0.0398369	0.414898
0.0410644	0.101775
0.042292	0.123231
0.0435195	0.239367
0.044747	0.216507
0.0459745	0.157036
0.0472021	0.160307
0.0484296	0.181716
0.0496571	0.183475
0.0508846	0.178675
0.0521122	0.193615
0.0533397	0.207342
0.0545672	0.207792
0.0557947	0.200883
0.0570222	0.189766
0.0582498	0.192432
0.0594773	0.19352
0.0607048	0.188736
0.0619323	0.16835
0.0631598	0.163993
0.0643873	0.141347
0.0656148	0.135653
0.0668423	0.125984
0.0680698	0.131572
0.0692973	0.12573
0.0705248	0.122493
0.0717523	0.106361
0.0729798	0.101164
0.0742073	0.109088
0.0754348	0.102153
0.0766623	0.0934211
0.0778898	0.0965596
0.0791173	0.0897469
0.0803448	0.0925268
0.0815723	0.0851126
0.0827998	0.078219
0.0840272	0.0783205
0.0852547	0.0804092
0.0864822	0.0772513
0.0877097	0.0779425
0.0889372	0.0743904
0.0901646	0.0764845
0.0913921	0.0721667
0.0926196	0.0711158
0.093847	0.0641401
0.0950745	0.0584701
0.096302	0.0637254
0.0975294	0.0592855
0.0987569	0.0575543
0.0999843	0.055606
0.101212	0.055566
0.102439	0.0452228
0.103667	0.0505818
0.104894	0.0419386
0.106122	0.0364122
0.107349	0.0392375
0.108577	0.0425207
0.109804	0.0453848
0.111031	0.0487728
0.112259	0.0423436
0.113486	0.0413932
0.114714	0.0440273
0.115941	0.0418478
0.117169	0.0350881
0.118396	0.0418597
0.119623	0.039703
0.120851	0.0400054
0.122078	0.039379
0.123306	0.0378389
0.124533	0.0375732
0.12576		0.0373432
0.126988	0.0282474
0.128215	0.0329724
0.129442	0.0292831
0.13067		0.0314982
0.131897	0.023139
0.133125	0.025934
0.134352	0.031226
0.13558		0.0249264
0.136807	0.0260118
0.138034	0.0279148
0.139262	0.0227135
0.140489	0.0207965
0.141716	0.0202489
0.142944	0.0220061
0.144171	0.0272333
0.145398	0.0269654
0.146626	0.0262634
0.147853	0.020547
0.14908		0.0251014
0.150308	0.0167908
0.151535	0.0206755
0.152762	0.0207004
0.15399		0.0266738
0.155217	0.0214034
0.156444	0.0185803
0.157672	0.0185036
0.158899	0.0179993
0.160126	0.0169657
0.161354	0.0159851
0.162581	0.0169614
0.163808	0.0175165
0.165036	0.0169528
0.166263	0.0178232
0.16749		0.01778
0.168717	0.0174928
0.169945	0.01516
0.171172	0.0116964
0.172399	0.0149893
0.173626	0.015498
0.174854	0.0151859
0.176081	0.0144569
0.177308	0.0162551
0.178536	0.0160974
0.179763	0.0166018
0.18099		0.014594
0.182217	0.0146642
0.183445	0.00625968
0.184672	0.0114642
0.185899	0.00979128
0.187126	0.0104188
0.188354	0.0127192
0.189581	0.0123142
0.190808	0.0127624
0.192035	0.0126403
0.193262	0.0124362
0.19449		0.0123444
0.195717	0.013446
0.196944	0.010274
0.198171	0.0107622
0.199398	0.0114178
0.200625	0.0111856
0.201853	0.011191
0.20308		0.00713664
0.204307	0.0131652
0.205534	0.0142096
0.206761	0.0116111
0.207988	0.0133412
0.209216	0.0127505
0.210443	0.0125366
0.21167		0.00746604
0.212897	0.00997272
0.214124	0.00921132
0.215351	0.010813
0.216578	0.0100408
0.217805	0.0097578
0.219033	0.0109879
0.22026		0.0095634
0.221487	0.00892296
0.222714	0.0090342
0.223941	0.00816048
0.225168	0.00433944
0.226395	0.006939
0.227622	0.00854388
0.228849	0.00844884
0.230076	0.00837432
0.231303	0.00926748
0.23253		0.00831816
0.233757	0.0087426
0.234985	0.00995976
0.236212	0.00776628
0.237439	0.008316
0.238666	0.0103561
0.239893	0.00471744
0.24112		0.0100397
0.242347	0.00108648
0.243574	0.00594
0.244801	0.00703944
0.246028	0.0084942
0.247255	0.00769716
0.248482	0.0090828
0.249709	0.0061938
0.250935	0.00532008
0.252162	0.00721224
0.253389	0.010489
0.254616	0.0113702
0.255843	0.00860652
0.25707		0.00558468
0.258297	0.00928476
0.259524	0.00677268
0.260751	0.00932904
0.261978	0.00797472
0.263205	0.00573696
0.264432	0.00602208
0.265659	0.00547452
0.266886	0.00612576
0.268112	0.00898344
0.269339	0.00925236
0.270566	0.00620352
0.271793	0.00815184
0.27302		0.0055512
0.274247	0.00761076
0.275474	0.00732672
0.2767		0.007182
0.277927	0.007884
0.279154	0.0073386
0.280381	0.00568188
0.281608	0.00564084
0.282835	0.005427
0.284061	0.00455868
0.285288	0.0037206
0.286515	0.00455868
0.287742	0.00554904
0.288969	0.0043362
0.290195	0.0057078
0.291422	0.00729972
0.292649	0.00866916
0.293876	0.0076464
0.295102	0.00675432
0.296329	0.00763236
0.297556	0.00655884
0.298783	0.00856332
0.300009	0.00633312
0.301236	0.00498096
0.302463	0.00930636
0.303689	0.00553716
0.304916	0.00605772
0.306143	0.00624672
0.307369	0.0047952
0.308596	0.003753
0.309823	0.00295488
0.311049	0.00367956
0.312276	0.0044172
0.313503	0.00689472
0.314729	0.00433728
0.315956	0.0034668
0.317183	0.00451224
0.318409	0.00451764
0.319636	0.00424224
0.320862	0.00346788
0.322089	0.00479844
0.323316	0.00142776
0.324542	0.0024948
0.325769	0.0034452
0.326995	0.00616788
0.328222	-0.00161784
0.329448	0.00632772
0.330675	-0.000216
0.331901	0.00316656
0.333128	0.00216756
0.334355	0.00195912
0.335581	0.00226368
0.336808	0.00457596
0.338034	0.0044442
0.339261	0.00512892
0.340487	0.0033318
0.341713	0.00514512
0.34294		0.00450576
0.344166	0.00225396
0.345393	0.00489888
0.346619	0.00730944
0.347846	0.00440424
0.349072	-0.00181548
0.350298	0.00377676
0.351525	-0.00034236
0.352751	0.00547776
0.353978	0.00472932
0.355204	0.0053946
0.35643		0.00407376
0.357657	0.00679536
0.358883	0.00546048
0.36011		0.00408888
0.361336	0.00401328
0.362562	0.0032508
0.363789	0.00336204
0.365015	0.00347112
0.366241	0.00484056
0.367468	0.00225396
0.368694	0.00262224
0.36992		0.00160704
0.371146	0.00450792
0.372373	0.00324216
0.373599	0.00332532
0.374825	0.00311256
0.376051	0.00333828
0.377278	0.0036936
0.378504	0.00385668
0.37973		0.0034776
0.380956	0.00221076
0.382182	0.00223344
0.383409	-0.00010368
0.384635	0.00271512
0.385861	0.00033048
0.387087	0.00073332
0.388313	0.00590868
0.38954		0.00393984
0.390766	0.00332856
0.391992	-0.0018684
0.393218	0.0038394
0.394444	0.00463212
0.39567		0.00314928
0.396896	0.00534924
0.398122	0.00536652
0.399348	0.006723
0.400574	0.0055404
0.4018		0.00435456
0.403027	0.0017604
0.404253	0.00377568
0.405479	0.00263412
0.406705	0.00472392
0.407931	0.0038664
0.409157	0.00382212
0.410383	0.00485676
0.411609	0.0038016
0.412835	0.00366984
0.414061	0.003591
0.415287	0.00297432
0.416512	0.00467748
0.417738	0.00267084
0.418964	0.00471744
0.42019		0.00466668
0.421416	0.00472068
0.422642	0.00476712
0.423868	0.00307584
0.425094	0.00358128
0.42632		0.00151524
0.427546	0.00316224
0.428771	0.00186732
0.429997	0.00289764
0.431223	0.0028512
0.432449	0.00400356
0.433675	0.00587304
0.434901	0.00619272
0.436126	0.00411048
0.437352	0.00362556
0.438578	0.001809
0.439804	0.00554688
0.441029	0.00393228
0.442255	0.00760968
0.443481	0.00273564
0.444707	0.00329508
0.445932	0.00331452
0.447158	0.00420336
0.448384	-0.00296352
0.449609	0.00317304
0.450835	0.00236088
0.452061	0.00150876
0.453286	0.00097092
0.454512	0.00186732
0.455738	0.00356184
0.456963	0.0029322
0.458189	0.00335448
0.459415	0.00462348
0.46064		0.00591948
0.461866	0.00363204
0.463091	0.00270432
0.464317	0.00243648
0.465542	0.00265032
0.466768	0.00273888
0.467993	0.00274968
0.469219	0.00343116
0.470444	0.00489348
0.47167		0.00552096
0.472895	0.00327888
0.474121	0.00495504
0.475346	0.00384372
0.476572	0.00272376
0.477797	0.00225288
0.479023	0.00307476
0.480248	0.00209952
0.481474	0.00223668
0.482699	0.00365796
0.483924	0.00248832
0.48515		0.00371952
0.486375	0.00277668
0.4876		0.00427896
0.488826	0.00322056
0.490051	0.005022
0.491276	0.0022086
0.492502	0.0028836
0.493727	0.00086184
0.494952	0.0007776
0.496178	0.00154332
0.497403	0.00365688
0.498628	0.00632448
0.499853	0.00523044
0.501078	0.0038718
0.502304	0.00216108
0.503529	0.003267
0.504754	0.00351756
0.505979	0.00305424
0.507205	0.00242244
0.50843		0.00241056
0.509655	0.0050328
0.51088		0.00320436
0.512105	0.0025596
0.51333		0.00223884
0.514555	0.00272808
0.51578		0.0035262
0.517006	0.00368496
0.518231	0.00374436
0.519456	0.00238896
0.520681	0.00273888
0.521906	0.00191268
0.523131	0.00218592
0.524356	0.00233388
0.525581	0.00196128
0.526806	0.00297108
0.528031	0.00434592
0.529256	0.00236844
0.530481	0.00378432
0.531705	0.00357264
0.53293		0.00369252
0.534155	0.00180684
0.53538		0.00142884
0.536605	0.00330264
0.53783		0.00271404
0.539055	0.00310824
0.54028		0.00306936
0.541505	0.00383832
0.542729	0.00515484
0.543954	0.00193428
0.545179	0.00466776
0.546404	0.0019656
0.547629	0.00126144
0.548853	0.00087912
0.550078	0.00220752
0.551303	0.00251748
0.552528	-0.00311688
0.553752	0.00301644
0.554977	0.00273888
0.556202	0.00305748
0.557426	0.00886896
0.558651	0.00183384
0.559876	0.00306396
0.5611		0.00224748
0.562325	0.00283284
0.56355		0.0028404
0.564774	0.0025434
0.565999	0.0041958
0.567223	0.00165996
0.568448	0.00281664
0.569673	0.00296352
0.570897	0.0115506
0.572122	0.00513972
0.573346	0.00477792
0.574571	0.00224208
0.575795	-0.003672
0.57702		0.00237924
0.578244	0.00066528
0.579469	0.00186624
0.580693	0.00150012
0.581917	0.00303696
0.583142	0.00333504
0.584366	0.001485
0.585591	0.00416988
0.586815	0.00409212
0.588039	0.00528336
0.589264	0.00354456
0.590488	0.00096228
0.591712	0.00281232
0.592936	0.00171504
0.594161	0.00112644
0.595385	0.0009558
0.596609	0.00249696
0.597834	0.0004752
0.599058	0.00180576
0.600282	0.00356292
0.601506	0.0028458
0.60273		0.00266652
0.603955	0.00292572
0.605179	0.00310284
0.606403	0.00252612
0.607627	0.00095904
0.608851	0.00131652
0.610075	0.00119988
0.611299	0.00178308
0.612524	0.00105732
0.613748	0.00802224
0.614972	0.0024462
0.616196	0.00165132
0.61742		0.00103896
0.618644	0.0023004
0.619868	0.0009342
0.621092	0.00280908
0.622316	0.00363528
0.62354		0.00375084
0.624764	0.00405648
0.625988	0.00343656
0.627211	0.00301104
0.628435	0.0018684
0.629659	0.00117288
0.630883	0.00253692
0.632107	0.0012258
0.633331	0.00014256
0.634555	0.00251316
0.635778	0.00116424
0.637002	0.00107352
0.638226	0.00196452
0.63945		0.00334908
0.640674	0.0008532
0.641897	0.00226908
0.643121	0.0033048
0.644345	0.00330912
0.645568	0.00151524
0.646792	0.0007506
0.648016	0.00296028
0.649239	0.00312984
0.650463	0.00347976
0.651687	0.00139644
0.65291		0.0020952
0.654134	0.00136728
0.655357	0.00215568
0.656581	0.0006912
0.657805	0.0017712
0.659028	0.00222372
0.660252	0.00164376
0.661475	0.00342036
0.662699	0.00092772
0.663922	0.00034452
0.665146	0.00274752
0.666369	0.00081648
0.667592	0.00121068
0.668816	0.00134784
0.670039	0.0019494
0.671263	0.00218268
0.672486	0.00834516
0.673709	0.00306936
0.674933	0.0027054
0.676156	0.00286416
0.677379	0.00224208
0.678603	0.00111132
0.679826	0.00246564
0.681049	0.003186
0.682272	0.00208332
0.683496	0.00320004
0.684719	0.00232416
0.685942	0.00277992
0.687165	0.00179496
0.688388	0.0031968
0.689612	0.004158
0.690835	0.00437832
0.692058	-0.00308448
0.693281	0.00237384
0.694504	0.00133056
0.695727	0.0009504
0.69695		0.00114264
0.698173	0.00312984
0.699396	0.00229824
0.700619	0.0016632
0.701842	0.00335016
0.703065	0.00398412
0.704288	0.0036018
0.705511	0.00500364
0.706734	0.0042714
0.707957	0.0023328
0.70918		0.00434268
0.710403	0.00507384
0.711626	0.00310176
0.712848	0.00216972
0.714071	0.00335988
0.715294	0.0031968
0.716517	0.0042498
0.71774		0.00228636
0.718962	0.00171396
0.720185	0.0021654
0.721408	0.00048816
0.722631	0.00158976
0.723853	0.00263196
0.725076	0.00215244
0.726299	0.00245484
0.727521	0.00208764
0.728744	0.00271512
0.729967	0.00312228
0.731189	0.0032562
0.732412	-0.0038988
0.733634	0.00155844
0.734857	0.00245052
0.73608		0.00187596
0.737302	0.00194616
0.738525	0.00378108
0.739747	0.00238356
0.74097		0.0039528
0.742192	0.00435996
0.743414	0.00369576
0.744637	0.00375084
0.745859	0.00392904
0.747082	0.00256824
0.748304	0.0047574
0.749526	0.00442584
0.750749	0.00513
0.751971	0.00422928
0.753193	0.00610632
0.754416	0.00701784
0.755638	0.00651996
0.75686		0.0100634
0.758082	0.0101293
0.759305	0.0126058
0.760527	0.0132278
0.761749	0.014108
0.762971	0.0134147
0.764193	0.0143694
0.765415	0.0147517
0.766637	0.0160142
0.767859	0.0172109
0.769082	0.0175219
0.770304	0.0172865
0.771526	0.016619
0.772748	0.0135022
0.77397		0.0137657
0.775192	0.0200837
0.776414	0.0115668
0.777636	0.0102632
0.778858	0.0083592
0.78008		0.00834192
0.781301	0.0070038
0.782523	0.00516672
0.783745	0.00450144
0.784967	0.00503064
0.786189	0.0058266
0.787411	0.00413316
0.788633	0.00380592
0.789854	0.00425628
0.791076	0.0031482
0.792298	0.00222156
0.79352		-0.00297216
0.794741	0.00337284
0.795963	0.00391932
0.797185	0.00412236
0.798406	0.00180036
0.799628	0.00268488
0.800849	0.00681696
0.802071	0.00325296
0.803293	0.00296892
0.804514	0.00378324
0.805736	0.00372924
0.806957	0.00364176
0.808179	0.00352944
0.8094		0.0027486
0.810622	0.0022788
0.811843	0.00279288
0.813065	0.00353484
0.814286	0.002187
0.815507	0.00397548
0.816729	0.00421092
0.81795		0.00301752
0.819172	0.00240948
0.820393	0.00338364
0.821614	0.00328968
0.822835	0.00364392
0.824057	0.00247752
0.825278	0.00200016
0.826499	0.0021546
0.82772		0.0022248
0.828942	0.0041256
0.830163	0.00323028
0.831384	0.00382428
0.832605	0.00351648
0.833826	0.00200664
0.835047	0.00190188
0.836268	0.00142236
0.837489	0.00141696
0.83871		0.00897588
0.839931	0.00185112
0.841152	0.00060264
0.842373	0.00334908
0.843594	0.00304884
0.844815	0.00344628
0.846036	0.00294948
0.847257	0.00243756
0.848478	0.0015228
0.849699	0.00371412
0.85092		0.00421092
0.852141	0.00402192
0.853361	0.004239
0.854582	0.00368388
0.855803	0.00336636
0.857024	0.00259632
0.858244	0.00322812
0.859465	0.00073116
0.860686	0.00032616
0.861907	0.00219888
0.863127	0.00027
0.864348	0.0019764
0.865568	0.00289332
0.866789	0.002403
0.86801		0.00186408
0.86923		0.00246672
0.870451	0.00072576
0.871671	0.00111996
0.872892	0.00253044
0.874112	0.00231984
0.875333	0.00266976
0.876553	0.00227556
0.877773	0.0016848
0.878994	0.00172152
0.880214	0.000783
0.881435	0.00025272
0.882655	0.0017226
0.883875	0.00348084
0.885096	0.00416664
0.886316	0.00230256
0.887536	0.00363852
0.888756	0.00309636
0.889977	0.00241272
0.891197	0.00216756
0.892417	0.00225072
0.893637	0.00135972
0.894857	0.00061452
0.896077	0.00304776
0.897297	0.00178524
0.898517	0.00121716
0.899738	0.00165348
0.900958	0.00176364
0.902178	0.00155844
0.903398	0.00293544
0.904618	0.00355644
0.905837	0.00104112
0.907057	0.00104652
0.908277	0.0025326
0.909497	0.00075492
0.910717	-0.00624348
0.911937	0.00143532
0.913157	0.00153576
0.914377	0.0020088
0.915596	0.00278424
0.916816	0.0028728
0.918036	0.00351972
0.919256	0.00453168
0.920475	0.00148176
0.921695	0.00049896
0.922915	0.00397656
0.924134	0.00102816
0.925354	0.00143208
0.926574	0.00235548
0.927793	0.00134784
0.929013	0.00247644
0.930232	0.00227016
0.931452	0.00217404
0.932671	0.00208116
0.933891	0.0023382
0.93511		0.00242892
0.93633		0.0018414
0.937549	0.00140292
0.938768	0.00187704
0.939988	0.0004752
0.941207	0.0022896
0.942426	0.00259524
0.943646	0.00284472
0.944865	0.00170856
0.946084	0.00253152
0.947303	0.002322
0.948523	0.00170316
0.949742	0.0006102
0.950961	0.00073224
0.95218		0.00154116
0.953399	-0.00018684
0.954618	0.00103248
0.955838	0.0015606
0.957057	0.00130464
0.958276	0.00176688
0.959495	0.00090936
0.960714	0.00127008
0.961933	0.00196884
0.963152	0.00154548
0.964371	0.00177984
0.965589	0.00246024
0.966808	0.00133272
0.968027	-0.00076572
0.969246	0.00178092
0.970465	0.00134244
0.971684	0.00182196
0.972903	0.00215136
0.974121	0.00067284
0.97534		0.00269676
0.976559	0.00263628
0.977777	0.0016254
0.978996	0.00102708
0.980215	0.00218376
0.981433	0.00012852
0.982652	0.001593
0.98387		0.00271512
0.985089	0.00288792
0.986308	0.0025866
0.987526	0.00232416
0.988745	0.00275724
0.989963	0.00093528
0.991182	0.0019116
0.9924		0.00246024
0.993618	0.002538
0.994837	0.00057672
0.996055	0.00051948
0.997274	0.0022842
0.998492	0.00245052
0.99971		0.00161352
1.00093		0.00263952
1.00215		0.00128736
1.00337		0.00101952
1.00458		0.00123552
1.0058		-5.724e-05
1.00702		0.0015066
1.00824		0.00168696
1.00946		0.00121284
1.01067		0.00099252
1.01189		0.00229176
1.01311		0.00404244
1.01433		0.00266436
1.01555		0.00305208
1.01676		0.00173448
1.01798		0.001728
1.0192		0.00215568
1.02042		0.0032616
1.02164		0.0027054
1.02285		0.00128088
1.02407		0.00148608
1.02529		0.00073008
1.02651		-0.00060804
1.02772		0.00119772
1.02894		-0.00075276
1.03016		0.00085212
1.03138		0.0003942
1.0326		0.00215352
1.03381		0.00107568
1.03503		0.00093528
1.03625		0.00170424
1.03747		0.00202824
1.03868		-0.00040932
1.0399		0.00040068
1.04112		0.00288144
1.04234		0.00222588
1.04355		0.00087048
1.04477		0.00084456
1.04599		0.00054432
1.0472		0.00050868
1.04842		0.0001782
1.04964		-0.00048924
1.05086		0.00085752
1.05207		0.00105084
1.05329		0.00247428
1.05451		0.00111996
1.05573		0.00061668
1.05694		0.00120096
1.05816		0.00184896
1.05938		0.00117396
1.0606		0.00156384
1.06181		0.0011448
1.06303		0.00090936
1.06425		-0.00519156
1.06546		0.0001728
1.06668		0.00125928
1.0679		0.00104112
1.06911		0.00088452
1.07033		0.00095904
1.07155		0.00141696
1.07277		0.00048816
1.07398		0.00113076
1.0752		0.00146664
1.07642		0.00117072
1.07763		0.0007344
1.07885		0.0016524
1.08007		0.0013824
1.08128		0.00032508
1.0825		0.00244944
1.08372		0.00281448
1.08493		0.00189648
1.08615		0.00136404
1.08737		0.00166968
1.08858		0.00106812
1.0898		0.001566
1.09102		0.00050976
1.09223		0.00074952
1.09345		0.00113508
1.09467		0.00167076
1.09588		0.00157464
1.0971		0.00135216
1.09831		0.00064692
1.09953		0.00148932
1.10075		0.00296136
1.10196		0.00228204
1.10318		0.0016848
1.1044		0.00107352
1.10561		0.00395712
1.10683		0.00105948
1.10804		0.00157356
1.10926		0.00168048
1.11048		0.00265356
1.11169		0.00208764
1.11291		0.00115344
1.11412		0.00168048
1.11534		0.00123984
1.11656		0.0019818
1.11777		0.0019008
1.11899		0.0008262
1.1202		0.00115884
1.12142		-8.424e-05
1.12264		0.00131868
1.12385		0.00183276
1.12507		0.00102276
1.12628		0.00210492
1.1275		0.0023706
1.12872		0.00261576
1.12993		0.00192564
1.13115		0.0006966
1.13236		5.616e-05
1.13358		-0.00097416
1.13479		0.00034668
1.13601		0.00111996
1.13722		0.00069768
1.13844		0.00155844
1.13965		0.00104328
1.14087		0.00164484
1.14209		0.00101196
1.1433		0.00035316
1.14452		0.00171936
1.14573		0.00094824
1.14695		4.644e-05
1.14816		0.00137484
1.14938		-5.616e-05
1.15059		-0.00086292
1.15181		8.964e-05
1.15302		-0.0003078
1.15424		0.000243
1.15545		-1.836e-05
1.15667		-0.00016416
1.15788		4.104e-05
1.1591		0.00027
1.16032		-0.00048168
1.16153		0.0022194
1.16274		0.00159624
1.16396		0.00205416
1.16518		0.00154548
1.16639		-0.00619704
1.1676		0.0014526
1.16882		0.00108216
1.17003		0.001404
1.17125		0.00117936
1.17246		0.00037368
1.17368		0.00084996
1.17489		-0.00092232
1.17611		0.00149472
1.17732		0.0025866
1.17854		0.0030726
1.17975		-0.0051516
1.18097		0.00300024
1.18218		0.00220536
1.1834		0.00262656
1.18461		0.00313524
1.18582		0.00176256
1.18704		0.0019062
1.18825		0.0014634
1.18947		0.00275724
1.19068		0.00274968
1.1919		0.00367848
1.19311		0.00452412
1.19433		0.00483192
1.19554		0.00505656
1.19675		0.00439884
1.19797		0.00379296
1.19918		0.00376272
1.2004		0.00352404
1.20161		0.00268164
1.20283		0.00266976
1.20404		0.00200988
1.20525		0.00276912
1.20647		0.00049896
1.20768		0.00226044
1.2089		-0.0005724
1.21011		-0.00040932
1.21132		-0.000297
1.21254		-0.00046332
1.21375		-0.0006264
1.21496		-0.00081108
1.21618		0.00130788
1.21739		0.00118584
1.21861		-0.00015876
1.21982		0.00035424
1.22103		0.00078732
1.22225		0.00010692
1.22346		0.00197424
1.22467		0.00305748
1.22589		0.00226368
1.2271		0.00143424
1.22831		0.0003942
1.22953		0.00042768
1.23074		0.0008856
1.23195		0.00056268
1.23317		0.00104328
1.23438		0.00132408
1.2356		0.0013554
1.23681		9.072e-05
1.23802		-0.00021168
1.23924		-0.00025812
1.24045		0.00031968
1.24166		-0.0002214
1.24288		0.00038016
1.24409		0.00050004
1.2453		0.00173772
1.24652	-0.00081324
1.24773	-0.001404
1.24894	-0.00054432
1.25015	0.00055512
1.25137	-0.0005562
1.25258	-0.00012852
1.25379	-0.0009234
1.25501	-0.00043416
1.25622	0.00047412
1.25743	0.00016632
1.25864	-3.024e-05
1.25986	-0.000243
1.26107	0.00130248
1.26228	0.00117396
1.2635	0.0014634
1.26471	0.00064908
1.26592	0.00118584
1.26713	-0.00015552
1.26835	-0.00071064
1.26956	-0.00061236
1.27077	-0.00047412
1.27198	-0.0009018
1.2732	-0.00064152
1.27441	-0.00105084
1.27562	-0.00058968
1.27683	-0.00022572
1.27805	-0.00675108
1.27926	0.00036288
1.28047	-0.00013608
1.28168	-0.00039852
1.2829	0.001188
1.28411	0.00127116
1.28532	0.00132732
1.28653	0.00069444
1.28774	0.00013932
1.28896	0.00080892
1.29017	0.00077868
1.29138	0.00089316
1.29259	0.00085212
1.2938	0.00027216
1.29502	0.00216324
1.29623	0.00072144
1.29744	0.00049788
1.29865	0.00013392
1.29986	0.00059292
1.30108	0.0012042
1.30229	1.728e-05
1.3035	0.00125712
1.30471	0.00107568
1.30592	0.00073008
1.30713	0.00020088
1.30835	0.00118476
1.30956	0.000999
1.31077	0.00034452
1.31198	0.00047196
1.31319	3.564e-05
1.3144	0.00203256
1.31562	0.000945
1.31683	0.00035208
1.31804	-0.00044064
1.31925	-0.00021924
1.32046	0.00112644
1.32167	0.00037152
1.32288	3.456e-05
1.32409	-0.00014256
1.32531	0.00154656
1.32652	0.00141048
1.32773	0.000648
1.32894	0.00148608
1.33015	0.00077652
1.33136	0.00050112
1.33257	0.00277128
1.33378	0.00301644
1.33499	0.00114912
1.33621	0.00159084
1.33742	0.00229608
1.33863	0.0021978
1.33984	0.00966924
1.34105	0.00147204
1.34226	0.00216108
1.34347	0.00243216
1.34468	0.00253692
1.34589	0.00162432
1.3471	0.00131112
1.34831	8.424e-05
1.34952	6.048e-05
1.35073	0.00058212
1.35195	-0.0003294
1.35315	0.00052596
1.35437	-0.00081324
1.35558	-0.00096336
1.35679	0.00165456
1.358	0.00110592
1.35921	0.00058104
1.36042	0.00180036
1.36163	0.00247644
1.36284	0.00113292
1.36405	1.08e-06
1.36526	8.64e-06
1.36647	0.00185868
1.36768	-0.00041256
1.36889	-0.0006858
1.3701	-0.00079272
1.37131	-0.0009882
1.37252	-0.0006696
1.37373	8.532e-05
1.37494	-0.00020844
1.37615	0.00090072
1.37736	0.00254988
1.37857	0.0009666
1.37978	0.0085212
1.38099	-0.0004374
1.3822	-5.292e-05
1.38341	0.00081864
1.38462	0.0005724
1.38583	0.00074952
1.38704	0.00069336
1.38825	0.00075168
1.38946	0.00095796
1.39067	0.00119772
1.39188	0.0003402
1.39308	-0.00043308
1.3943	0.0004806
1.3955	0.00039852
1.39671	7.56e-06
1.39792	0.00077868
1.39913	0.00018684
1.40034	0.00111888
1.40155	0.00118368
1.40276	0.0025272
1.40397	0.00115992
1.40518	0.0013392
1.40639	-1.296e-05
1.4076	0.00067176
1.40881	0.0005076
1.41002	0.00033156
1.41122	0.00055512
1.41243	0.00056052
1.41364	0.0006966
1.41485	0.00011232
1.41606	0.00122364
1.41727	0.00010476
1.41848	0.00097092
1.41969	0.0015552
1.4209	0.00156492
1.4221	0.00220752
1.42331	4.104e-05
1.42452	-0.00031968
1.42573	-0.000486
1.42694	0.00016308
1.42815	0.00239004
1.42936	0.0014526
1.43056	0.0016902
1.43177	0.00150444
1.43298	0.0025542
1.43419	0.00062532
1.4354	-0.00139104
1.43661	0.000891
1.43781	-0.00083052
1.43902	0.00035208
1.44023	-0.00079812
1.44144	0.00049572
1.44265	0.00122256
1.44386	0.00191052
1.44506	0.0020088
1.44627	0.00038124
1.44748	0.00148608
1.44869	0.00038664
1.4499	0.0008316
1.4511	0.00030996
1.45231	0.00046008
1.45352	0.00069336
1.45473	0.00102816
1.45594	0.00184248
1.45714	0.0014472
1.45835	0.00240948
1.45956	0.0016038
1.46077	0.00058212
1.46197	-0.00010584
1.46318	-0.00045036
1.46439	0.0002106
1.4656	-0.00049572
1.4668	0.0011286
1.46801	0.00177012
1.46922	0.000972
1.47043	0.00037584
1.47163	0.00041364
1.47284	0.00083808
1.47405	-0.00565812
1.47526	0.00014148
1.47646	7.56e-06
1.47767	-0.00029268
1.47888	-0.00024732
1.48009	-0.00052164
1.48129	0.0005724
1.4825	-0.00138564
1.48371	-0.0014958
1.48491	-0.00072036
1.48612	0.00203904
1.48733	0.0022896
1.48853	0.00048276
1.48974	0.001674
1.49095	-0.00035316
1.49215	-0.00046656
1.49336	-0.00067176
1.49457	-0.00055728
1.49578	0.00021276
1.49698	0.00017496
1.49819	0.00132084
1.4994	-3.024e-05
1.5006	0.0008532
1.50181	0.0005778
1.50301	5.724e-05
1.50422	0.00033696
1.50543	0.00045468
1.50663	0.00059724
1.50784	0.00020844
1.50905	-0.00048492
1.51025	0.00095364
1.51146	0.00168372
1.51266	0.000729
1.51387	0.00017064
1.51508	0.00175068
1.51628	0.00213516
1.51749	0.00159192
1.5187	0.00159192
1.5199	0.0016632
1.52111	0.00240408
1.52231	0.00220212
1.52352	0.00299916
1.52472	0.00301644
1.52593	0.00280476
1.52714	0.00353052
1.52834	0.00333936
1.52955	0.00430812
1.53075	0.00443124
1.53196	0.00505764
1.53317	0.00530496
1.53437	0.00608472
1.53558	0.00547128
1.53678	0.00617112
1.53799	0.00615924
1.53919	0.00443556
1.5404	0.00617112
1.5416	0.00609336
1.54281	0.00571968
1.54401	0.00528768
1.54522	0.00436212
1.54643	0.00205632
1.54763	-0.00309096
1.54884	0.00267948
1.55004	-0.00233388
1.55125	0.00240516
1.55245	0.00092664
1.55366	0.00074088
1.55486	0.00132084
1.55607	0.0003726
1.55727	0.00052488
1.55848	0.00213732
1.55968	0.00062856
1.56089	0.00041688
1.56209	0.00043092
1.5633	0.00246348
1.5645	0.00023868
1.5657	0.00069012
1.56691	0.00028728
1.56811	0.0023112
1.56932	0.0005454
1.57052	0.00055728
1.57173	-0.0001296
1.57293	0.00041472
1.57414	0.00062208
1.57534	0.0020412
1.57655	0.00192456
1.57775	0.00178308
1.57895	0.00202716
1.58016	-0.00105516
1.58136	0.00103788
1.58257	0.00070956
1.58377	0.0002376
1.58498	-0.00053676
1.58618	0.00077328
1.58738	0.00130356
1.58859	0.00153792
1.58979	0.001836
1.591	0.00187704
1.5922	0.0018576
1.5934	0.00134244
1.59461	0.00233064
1.59581	0.00241704
1.59702	0.00114696
1.59822	0.0020844
1.59942	0.00239544
1.60063	0.0017604
1.60183	0.00362664
1.60303	0.005994
1.60424	0.00518724
1.60544	0.00463752
1.60664	0.00452088
1.60785	0.00558792
1.60905	0.00745524
1.61025	0.00679752
1.61146	0.00674784
1.61266	0.00637632
1.61386	0.00755352
1.61507	0.00700704
1.61627	0.00776412
1.61747	0.00809136
1.61868	0.00617004
1.61988	0.0072414
1.62108	0.00692064
1.62229	0.0050166
1.62349	0.00435024
1.62469	0.00454248
1.62589	0.0030672
1.6271	0.0020628
1.6283	0.00218052
1.6295	0.00165456
1.63071	0.00167832
1.63191	0.00087372
1.63311	0.00215028
1.63431	0.00198936
1.63552	0.00232848
1.63672	0.00263844
1.63792	0.00342252
1.63912	0.00236412
1.64033	0.00205416
1.64153	0.00178956
1.64273	0.0018468
1.64393	0.00162972
1.64514	0.00202068
1.64634	0.00187272
1.64754	0.00197748
1.64874	0.00193536
1.64994	0.00132192
1.65115	0.00163944
1.65235	0.00314496
1.65355	0.00246888
1.65475	0.00241164
1.65596	0.0015714
1.65716	0.00108324
1.65836	7.344e-05
1.65956	0.00140184
1.66076	0.00097632
1.66196	0.0018252
1.66317	0.00117612
1.66437	0.00100008
1.66557	0.00168588
1.66677	0.00190188
1.66797	0.0010584
1.66917	0.00111672
1.67037	0.00122472
1.67158	0.00114048
1.67278	0.00186192
1.67398	0.00176688
1.67518	0.00124524
1.67638	0.00179496
1.67758	0.00179604
1.67879	0.00100116
1.67999	0.00084564
1.68119	0.00099792
1.68239	0.00110916
1.68359	0.00056052
1.68479	0.00183924
1.68599	0.00175176
1.68719	0.00045036
1.68839	0.00158976
1.68959	0.00830304
1.6908	0.0005184
1.692	0.00079488
1.6932	0.00130464
1.6944	-0.00673488
1.6956	0.00116748
1.6968	0.0006048
1.698	0.0008208
1.6992	0.0013068
1.7004	0.00170856
1.7016	0.00249588
1.7028	0.00294084
1.704	0.00193968
1.7052	0.001107
1.7064	0.00045036
1.7076	0.0013122
1.7088	0.00157356
1.71	0.00140832
1.7112	0.00158004
1.7124	0.00142776
1.7136	0.00160596
1.7148	0.00298944
1.716	0.00245808
1.7172	0.00169884
1.7184	0.00306396
1.7196	0.00167616
1.7208	0.00067392
1.722	0.00195912
1.7232	0.00091368
1.7244	0.0013446
1.7256	0.00055512
1.7268	0.00153036
1.728	0.00174852
1.7292	0.00197964
1.7304	0.00129276
1.7316	0.00219564
1.7328	0.00172908
1.734	0.00131976
1.7352	0.00117072
1.7364	0.00213408
1.7376	0.00124632
1.7388	0.00165132
1.74	0.00307044
1.7412	0.00177444
1.7424	0.00148824
1.74359	0.0017604
1.74479	0.00182952
1.74599	0.00098712
1.74719	0.00192348
1.74839	0.00089316
1.74959	0.00106488
1.75079	0.00135756
1.75199	0.00132948
1.75319	0.00144612
1.75438	0.00181656
1.75558	0.00986148
1.75678	0.00221508
1.75798	0.00158544
1.75918	-0.00053136
1.76038	0.00111132
1.76158	0.00339228
1.76278	0.00234036
1.76397	0.00143208
1.76517	0.002268
1.76637	0.001863
1.76757	0.00182196
1.76877	0.002079
1.76997	0.0025974
1.77116	0.00053568
1.77236	0.00042984
1.77356	0.00135648
1.77476	0.00183708
1.77596	0.0025866
1.77716	0.00236952
1.77835	0.0036342
1.77955	0.00371304
1.78075	0.0043362
1.78195	0.00393444
1.78314	0.00540864
1.78434	0.00549504
1.78554	0.0049896
1.78674	0.00411588
1.78793	0.00499176
1.78913	0.00526068
1.79033	0.00528552
1.79153	0.00500688
1.79273	0.00531144
1.79392	0.00445068
1.79512	0.00436212
1.79632	0.00459
1.79752	0.00432648
1.79871	0.00349272
1.79991	0.00331128
1.80111	0.0036828
1.8023	0.00441396
1.8035	0.00461592
1.8047	0.00424116
1.8059	0.00543888
1.80709	0.0060372
1.80829	0.00782352
1.80949	0.00822636
1.81068	0.00966924
1.81188	0.00922536
1.81308	0.00927072
1.81427	0.015053
1.81547	0.0174182
1.81667	0.0222253
1.81786	0.0233615
1.81906	0.0252072
1.82026	0.0289861
1.82145	0.0287021
1.82265	0.0276685
1.82385	0.0299538
1.82504	0.0310705
1.82624	0.0312725
1.82743	0.0323438
1.82863	0.0311418
1.82983	0.0327726
1.83102	0.0304884
1.83222	0.0241423
1.83342	0.0172832
1.83461	0.0169711
1.83581	0.0211399
1.837	0.00815292
1.8382	0.00962172
1.8394	0.0109706
1.84059	0.00739152
1.84179	0.00531576
1.84298	0.00204552
1.84418	0.00211788
1.84538	0.00144936
1.84657	0.00242244
1.84777	0.00368388
1.84896	0.00797148
1.85016	0.00442368
1.85135	-0.00265788
1.85255	0.0016956
1.85374	-0.0005994
1.85494	0.00075816
1.85613	0.0016362
1.85733	-0.00286308
1.85852	0.00221292
1.85972	-0.00092016
1.86091	0.00105408
1.86211	-0.00845316
1.86331	-0.00964548
1.8645	-0.005589
