MATERIAL INFORMATION
	Material = King Arthur parchment
	Thickness = 0.006 mm
SAXS INSTRUMENT
	Source = Cu K-alpha
	Wavelength = 1.5418 A 
	Sample-to-detector distance = 106 mm
	Exposure time = 500 s

===============================================================
q (A^-1)	I(q)
===============================================================
0.00203935	2.78927
0.00327789	2.58626
0.00451643	-0.158278
0.00575497	-3.50178
0.00699351	-5.48916
0.00823205	-2.13235
0.00947059	1.09954
0.0107091	-0.942964
0.0119477	-3.47758
0.0131862	-2.87895
0.0144248	-0.835681
0.0156633	0.686983
0.0169018	1.7398
0.0181404	0.771709
0.0193789	-0.724273
0.0206174	-1.19931
0.021856	-0.789774
0.0230945	-1.01084
0.0243331	-1.03549
0.0255716	-1.7354
0.0268101	-1.41622
0.0280487	-0.312203
0.0292872	-0.00552403
0.0305257	-2.08577
0.0317643	-4.49621
0.0330028	-5.18732
0.0342413	-4.29608
0.0354799	-1.96353
0.0367184	0.141118
0.0379569	0.34497
0.0391954	-0.0814218
0.040434	0.121731
0.0416725	0.426487
0.042911	0.304969
0.0441495	0.112662
0.045388	0.162527
0.0466266	0.0822195
0.0478651	0.510743
0.0491036	0.584054
0.0503421	0.364084
0.0515806	0.233165
0.0528192	0.301008
0.0540577	0.639211
0.0552962	0.801552
0.0565347	0.730349
0.0577732	1.43149
0.0590117	1.2829
0.0602502	1.38102
0.0614887	1.20615
0.0627272	1.46054
0.0639657	1.5503
0.0652042	1.09984
0.0664427	1.17274
0.0676812	1.11406
0.0689197	1.17209
0.0701582	1.25879
0.0713967	1.28883
0.0726352	1.2729
0.0738737	1.13428
0.0751122	0.924587
0.0763507	0.734403
0.0775892	0.628807
0.0788277	0.655545
0.0800662	0.663106
0.0813046	0.644556
0.0825431	0.293975
0.0837816	0.619006
0.0850201	0.615406
0.0862585	0.678236
0.087497	0.493399
0.0887355	1.10181
0.0899739	0.963647
0.0912124	1.04823
0.0924509	0.852078
0.0936893	0.911453
0.0949278	0.993199
0.0961662	0.655237
0.0974047	0.782965
0.0986431	0.80191
0.0998816	0.947608
0.10112	1.16801
0.102358	0.686784
0.103597	0.746311
0.104835	1.11733
0.106074	0.654405
0.107312	0.544417
0.108551	0.0276161
0.109789	0.52272
0.111027	0.577243
0.112266	0.322156
0.113504	0.395574
0.114743	0.434188
0.115981	0.488548
0.11722	0.416048
0.118458	0.353061
0.119696	0.223434
0.120935	0.0701925
0.122173	0.318595
0.123412	0.373096
0.12465	0.445127
0.125888	0.29525
0.127127	0.269092
0.128365	0.341194
0.129604	0.285847
0.130842	0.400945
0.13208	0.523245
0.133319	0.410643
0.134557	0.671873
0.135796	0.653863
0.137034	0.977715
0.138272	0.690304
0.139511	0.62872
0.140749	0.191664
0.141987	0.194555
0.143226	0.132753
0.144464	0.20462
0.145702	0.274276
0.146941	0.364666
0.148179	0.423148
0.149417	0.573316
0.150656	0.649499
0.151894	0.445145
0.153132	0.287182
0.154371	0.0804415
0.155609	0.265431
0.156847	0.225178
0.158086	0.188861
0.159324	0.156153
0.160562	0.172743
0.1618	0.227731
0.163039	0.306928
0.164277	0.173504
0.165515	0.4521
0.166754	0.5377
0.167992	0.249297
0.16923	0.264177
0.170469	-0.0230095
0.171707	-0.146693
0.172945	0.347607
0.174183	0.107465
0.175422	0.202271
0.17666	0.720107
0.177898	-0.258919
0.179136	0.240581
0.180374	0.359188
0.181613	0.315263
0.182851	0.327008
0.184089	0.199703
0.185327	0.167886
0.186566	0.167709
0.187804	-0.00646418
0.189042	-0.00417476
0.19028	0.0719028
0.191518	0.543918
0.192757	-0.147084
0.193995	0.140861
0.195233	0.226222
0.196471	0.22197
0.197709	0.160707
0.198948	-0.0514279
0.200186	0.145778
0.201424	0.256539
0.202662	0.365427
0.2039	0.203967
0.205138	0.187764
0.206377	-0.277138
0.207615	-0.0435455
0.208853	-0.0861083
0.210091	-0.222972
0.211329	-0.155732
0.212567	0.0243923
0.213805	0.197416
0.215043	0.153506
0.216282	-0.0895696
0.21752	-0.0452929
0.218758	0.0900207
0.219996	0.201941
0.221234	0.120032
0.222472	-0.0224893
0.22371	0.103653
0.224948	0.0952059
0.226186	-0.0644548
0.227424	0.0353527
0.228662	0.0117942
0.2299	0.0170355
0.231138	0.0431473
0.232376	0.19707
0.233615	-0.00602914
0.234852	0.00734942
0.236091	-0.132471
0.237329	0.111034
0.238567	-0.0922751
0.239805	-0.127801
0.241043	-0.2761
0.242281	-0.0898016
0.243519	-0.106306
0.244757	0.0427068
0.245995	0.223507
0.247233	0.323924
0.24847	0.176647
0.249709	0.234996
0.250946	0.113984
0.252184	0.100322
0.253422	-0.108119
0.25466	-0.133458
0.255898	0.0424349
0.257136	-0.115053
0.258374	-0.0133162
0.259612	0.0623926
0.26085	-0.122277
0.262088	-0.386077
0.263326	-0.118484
0.264564	-0.076114
0.265801	-0.162906
0.267039	-0.141545
0.268277	-0.00319592
0.269515	0.109301
0.270753	0.323308
0.271991	0.141058
0.273229	-0.198439
0.274467	-0.176168
0.275704	0.362299
0.276942	0.0662944
0.27818	-0.05195
0.279418	0.0203011
0.280656	-0.0399509
0.281893	-0.0538044
0.283131	-0.0689775
0.284369	-0.174966
0.285607	0.0537733
0.286845	0.118571
0.288082	-0.175473
0.28932	0.108933
0.290558	0.00608232
0.291796	0.0104074
0.293033	0.0151521
0.294271	0.0276977
0.295509	0.0480923
0.296746	0.0656636
0.297984	0.0769893
0.299222	0.065833
0.30046	0.019228
0.301697	0.0329318
0.302935	-0.101607
0.304173	-0.0390147
0.30541	0.0906859
0.306648	0.2313
0.307886	-0.142998
0.309123	-0.234043
0.310361	-0.223466
0.311599	-0.0513718
0.312836	0.0576161
0.314074	0.0533636
0.315312	-0.115719
0.316549	0.00591372
0.317787	0.124049
0.319024	0.112183
0.320262	0.0360578
0.321499	-0.0247316
0.322737	-0.0225056
0.323975	-0.154036
0.325212	-0.0265588
0.32645	-0.114146
0.327687	-0.0958379
0.328925	-0.186452
0.330162	-0.26117
0.3314	0.095979
0.332637	-0.537525
0.333875	-0.0757941
0.335112	-0.0436316
0.33635	-0.040086
0.337587	-0.119784
0.338825	-0.0357636
0.340062	0.00621915
0.3413	0.167691
0.342537	0.0884282
0.343775	0.119022
0.345012	0.0230509
0.346249	-0.0296295
0.347487	-0.00832859
0.348724	0.0454965
0.349962	0.0854046
0.351199	-0.0517824
0.352436	-0.0700244
0.353674	0.22247
0.354911	0.0436693
0.356149	0.269472
0.357386	0.0201406
0.358623	0.0377463
0.359861	0.0539228
0.361098	-0.0882473
0.362335	-0.0783836
0.363573	-0.101325
0.36481	-0.0644549
0.366047	0.0210632
0.367285	-0.0420002
0.368522	0.138981
0.369759	-0.00906545
0.370996	0.00121521
0.372234	-0.0340842
0.373471	0.0768968
0.374708	0.0376684
0.375945	-0.01146
0.377183	-0.00589689
0.37842	-0.0105691
0.379657	-0.0233957
0.380894	-0.0803857
0.382131	-0.251483
0.383369	-0.175052
0.384606	0.078685
0.385843	0.115821
0.38708	-0.086683
0.388317	0.032359
0.389554	-0.0633038
0.390791	-0.199832
0.392028	0.0629771
0.393265	-0.0786192
0.394503	-0.140622
0.39574	-0.00203493
0.396977	-0.132773
0.398214	-0.147294
0.399451	-0.170996
0.400688	-0.118503
0.401925	-0.263276
0.403162	-0.122381
0.404399	-0.0382697
0.405636	-0.174804
0.406873	-0.011596
0.40811	-0.12361
0.409347	0.419125
0.410584	-0.14813
0.411821	-0.0784344
0.413058	-0.271817
0.414295	-0.23078
0.415532	-0.202064
0.416769	-0.13464
0.418006	-0.0867972
0.419243	-0.0825175
0.42048	0.0794853
0.421716	0.00484874
0.422953	0.0498578
0.42419	-0.158456
0.425427	-0.170211
0.426664	-0.161041
0.427901	-0.0821159
0.429138	-0.103366
0.430374	-0.221484
0.431611	-0.20654
0.432848	-0.176393
0.434085	-0.0556117
0.435321	0.205609
0.436558	0.0806055
0.437795	0.111991
0.439032	-0.108853
0.440269	-0.259839
0.441505	-0.168492
0.442742	-0.058396
0.443979	-0.324473
0.445215	0.0297351
0.446452	0.0646149
0.447689	-0.165741
0.448925	-0.232132
0.450162	-0.136923
0.451399	-0.147474
0.452635	-0.249848
0.453872	0.0199919
0.455108	-0.152189
0.456345	-0.302046
0.457582	2.24539e-05
0.458818	0.231054
0.460055	-0.00702074
0.461291	0.149374
0.462528	0.0782263
0.463765	0.0315714
0.465001	0.0692173
0.466238	0.0483025
0.467474	0.0114478
0.468711	-0.100056
0.469947	-0.0857676
0.471183	-0.120607
0.47242	-0.146294
0.473656	-0.0962232
0.474893	-0.0795492
0.476129	-0.149293
0.477366	-0.161966
0.478602	-0.0499126
0.479839	0.194733
0.481075	0.094779
0.482311	-0.047412
0.483548	-0.0742216
0.484784	-0.0442769
0.48602	0.362469
0.487257	-0.0908567
0.488493	-0.0779096
0.489729	-0.0988715
0.490966	-0.205537
0.492202	-0.156346
0.493438	-0.153156
0.494675	0.0503835
0.495911	0.0448239
0.497147	0.0760792
0.498383	-0.0507727
0.499619	-0.0741455
0.500856	-0.141087
0.502092	-0.170748
0.503328	-0.237158
0.504564	-0.135313
0.5058	-0.106926
0.507037	-0.0497005
0.508273	0.022885
0.509509	0.436792
0.510745	-0.127376
0.511981	0.0718022
0.513217	-0.134138
0.514453	0.369446
0.515689	-0.0538987
0.516925	-0.220876
0.518161	-0.166822
0.519397	0.025062
0.520633	-0.0420845
0.521869	-0.116966
0.523105	-0.210436
0.524341	-0.142157
0.525577	-0.103595
0.526813	0.00851218
0.528049	-0.07838
0.529285	-0.0694706
0.530521	-0.0994216
0.531757	-0.140405
0.532993	-0.124069
0.534229	-0.151114
0.535465	-0.160413
0.5367	-0.123613
0.537936	-0.200596
0.539172	-0.154285
0.540408	-0.306159
0.541644	-0.23682
0.542879	-0.156738
0.544115	-0.0759156
0.545351	0.000747523
0.546587	-0.0348799
0.547823	-0.10995
0.549058	-0.105878
0.550294	-0.0505108
0.55153	-0.0671848
0.552766	-0.0635758
0.554001	-0.00910989
0.555237	-0.101143
0.556473	-0.0248422
0.557708	-0.0874434
0.558944	0.0850004
0.560179	0.0256756
0.561415	-0.0182431
0.562651	0.0469829
0.563886	-0.0611775
0.565122	-0.0697942
0.566357	-0.0966401
0.567593	-0.0759673
0.568828	-0.166523
0.570064	0.104912
0.571299	0.0294025
0.572535	-0.0423319
0.57377	0.0419907
0.575006	0.0652303
0.576241	-0.563958
0.577477	-0.123586
0.578712	-0.21486
0.579948	-0.211466
0.581183	-0.160667
0.582418	0.242027
0.583654	-0.252268
0.584889	-0.0392177
0.586124	-0.115407
0.58736	-0.218986
0.588595	-0.211155
0.58983	-0.183026
0.591066	-0.191439
0.592301	-0.232975
0.593536	-0.654016
0.594771	-0.620744
0.596007	-0.0718778
0.597242	-0.0475869
0.598477	-0.0494504
0.599712	0.0798388
0.600947	0.108285
0.602182	0.0888931
0.603418	-0.00915248
0.604653	0.00972306
0.605888	-0.00679689
0.607123	-0.0578948
0.608358	-0.126038
0.609593	-0.136059
0.610828	-0.0117319
0.612063	0.13081
0.613298	-0.069806
0.614533	-0.0896694
0.615768	-0.230792
0.617003	-0.171349
0.618238	-0.151797
0.619473	-0.10442
0.620708	-0.147723
0.621943	0.0104182
0.623178	0.164001
0.624413	-0.0741763
0.625648	0.100192
0.626883	0.468041
0.628118	-0.094115
0.629352	0.0532403
0.630587	0.154215
0.631822	0.0201333
0.633057	-0.0570854
0.634292	0.00244783
0.635527	0.0402931
0.636761	0.0614246
0.637996	0.0516243
0.639231	-0.230665
0.640466	-0.226165
0.6417	-0.187755
0.642935	-0.0873836
0.64417	-0.0866132
0.645404	-0.0492056
0.646639	0.0836472
0.647873	-0.100841
0.649108	-0.448765
0.650343	-0.0760488
0.651577	-0.0815939
0.652812	-0.154301
0.654046	-0.0898507
0.655281	0.0254128
0.656516	0.0778965
0.65775	-0.00876002
0.658985	-0.0216383
0.660219	-0.011605
0.661454	-0.0433316
0.662688	-0.0589217
0.663922	-0.048031
0.665157	-0.0800295
0.666391	-0.242818
0.667625	-0.182391
0.66886	-0.182056
0.670094	-0.177483
0.671329	0.011185
0.672563	0.0991829
0.673797	0.0641309
0.675032	-0.0143658
0.676266	-0.00829507
0.6775	-0.0731948
0.678734	-0.268265
0.679969	-0.120566
0.681203	-0.0774292
0.682437	-0.00266848
0.683671	-0.0526153
0.684905	-0.238701
0.68614	-0.159363
0.687374	-0.197247
0.688608	-0.0814371
0.689842	-0.0531899
0.691076	-0.161235
0.69231	-0.121433
0.693544	-0.0630083
0.694778	0.00517774
0.696012	0.0699959
0.697246	0.0736503
0.69848	0.14446
0.699714	0.168796
0.700948	0.0438198
0.702182	0.143533
0.703416	0.0404345
0.70465	0.00177986
0.705884	-0.0779857
0.707118	-0.105414
0.708352	-0.0822437
0.709585	-0.127856
0.710819	-0.0212549
0.712053	-0.0396745
0.713287	0.0515155
0.714521	0.00795113
0.715754	0.0226475
0.716988	-0.036902
0.718222	0.0918406
0.719456	0.115386
0.720689	0.15453
0.721923	-0.0380132
0.723157	0.0293327
0.72439	-0.0339754
0.725624	-0.00310713
0.726858	0.0109757
0.728091	0.0025403
0.729325	-0.0218775
0.730558	-0.0150563
0.731792	-0.0525736
0.733025	-0.0850099
0.734259	-0.00390383
0.735492	0.0164454
0.736726	0.0694339
0.737959	0.0526512
0.739193	0.104498
0.740426	0.0684733
0.74166	0.0523095
0.742893	0.0722092
0.744126	-0.0105002
0.74536	0.0343639
0.746593	-0.0380621
0.747826	-0.0231002
0.74906	-0.17488
0.750293	-0.0181171
0.751526	-0.10828
0.752759	-0.205308
0.753993	0.201151
0.755226	0.375719
0.756459	0.19107
0.757692	0.156033
0.758925	0.0356608
0.760159	-0.0527277
0.761392	0.0495161
0.762625	-0.475288
0.763858	-0.0454914
0.765091	-0.0468537
0.766324	-0.0850162
0.767557	-0.16685
0.76879	0.0807896
0.770023	0.0085838
0.771256	-0.0547606
0.772489	-0.0312881
0.773722	0.0836554
0.774955	0.0491445
0.776188	0.0876814
0.777421	0.152753
0.778654	0.0431101
0.779887	0.119254
0.781119	0.0666551
0.782352	-0.0620694
0.783585	0.0565466
0.784818	0.0895358
0.786051	0.198635
0.787283	0.16896
0.788516	-0.0690636
0.789749	0.00354361
0.790982	0.00720706
0.792214	0.0248898
0.793447	0.0262611
0.79468	-0.0212431
0.795912	0.0216071
0.797145	0.0653173
0.798377	0.0954252
0.79961	-0.000527684
0.800843	0.0647799
0.802075	0.161877
0.803308	0.032688
0.80454	0.068833
0.805773	0.541984
0.807005	0.0641182
0.808238	0.131389
0.80947	0.125089
0.810702	0.166115
0.811935	0.0527445
0.813167	0.0278373
0.8144	-0.0873147
0.815632	0.0238267
0.816864	-0.039379
0.818096	0.00664785
0.819329	-0.0778343
0.820561	-0.118851
0.821793	-0.0312065
0.823025	0.0161101
0.824258	0.0608744
0.82549	-0.0467268
0.826722	0.0388004
0.827954	0.0657886
0.829186	0.0407182
0.830418	0.0953826
0.83165	0.032582
0.832882	0.062708
0.834114	-0.0214062
0.835347	0.0542663
0.836579	-0.107051
0.837811	-0.013309
0.839043	-0.0971993
0.840274	-0.0759827
0.841506	0.0782101
0.842738	0.0596726
0.84397	-0.0340905
0.845202	0.057027
0.846434	0.0436566
0.847666	0.120371
0.848898	0.0611527
0.850129	0.171916
0.851361	0.251898
0.852593	0.0214466
0.853825	0.0746735
0.855056	0.00293909
0.856288	0.0530373
0.85752	0.00589287
0.858751	-0.00739868
0.859983	0.0535539
0.861215	0.0489542
0.862446	0.0298276
0.863678	0.0903479
0.864909	0.0138297
0.866141	0.228897
0.867372	0.138399
0.868604	0.0218753
0.869835	-0.00574369
0.871067	0.00965601
0.872298	-0.0521875
0.87353	0.108835
0.874761	0.00439196
0.875993	-0.110035
0.877224	-0.119627
0.878455	0.0532122
0.879687	0.00142006
0.880918	-0.0910262
0.882149	0.047882
0.88338	0.0985113
0.884612	0.156406
0.885843	0.132784
0.887074	0.128628
0.888305	0.093646
0.889536	0.142261
0.890767	0.232367
0.891999	0.132297
0.89323	0.204534
0.894461	0.10688
0.895692	0.00920011
0.896923	0.099569
0.898154	0.166609
0.899385	0.0886023
0.900616	0.096017
0.901847	0.133994
0.903078	0.144699
0.904308	0.183263
0.905539	-0.00511559
0.90677	-0.0421633
0.908001	0.0229838
0.909232	-0.0471011
0.910463	0.0832421
0.911693	0.0778783
0.912924	0.0547983
0.914155	0.085779
0.915386	0.095582
0.916616	0.143007
0.917847	0.00746083
0.919078	0.00260736
0.920308	0.0117433
0.921539	0.0776427
0.92277	0.0653871
0.924	0.150645
0.925231	0.0669152
0.926461	0.151243
0.927692	0.0236817
0.928922	0.0840514
0.930153	0.0515336
0.931383	0.102121
0.932614	0.0372333
0.933844	0.171041
0.935074	0.137759
0.936305	0.133878
0.937535	0.14173
0.938765	0.12534
0.939996	0.171847
0.941226	-0.329056
0.942456	0.22711
0.943686	0.177229
0.944917	0.190174
0.946147	0.182713
0.947377	0.172288
0.948607	0.136212
0.949837	0.0972406
0.951067	0.107859
0.952297	0.194499
0.953527	0.279865
0.954757	0.0819859
0.955987	0.186664
0.957217	0.199473
0.958447	0.126621
0.959677	0.343829
0.960907	0.0864043
0.962137	0.18211
0.963367	0.158513
0.964597	0.0691684
0.965827	0.128394
0.967056	0.206364
0.968286	0.125449
0.969516	0.112393
0.970746	0.183475
0.971975	0.232537
0.973205	0.131848
0.974435	0.138967
0.975664	0.130686
0.976894	0.177347
0.978124	-0.222034
0.979353	0.241435
0.980583	0.234971
0.981812	0.346841
0.983042	0.20731
0.984271	0.15819
0.985501	0.338094
0.98673	0.41493
0.98796	0.352086
0.989189	0.342742
0.990418	0.342425
0.991648	0.317189
0.992877	0.29567
0.994106	0.343488
0.995336	0.27745
0.996565	0.237584
0.997794	0.262778
0.999023	0.394096
1.00025	0.356251
1.00148	0.324023
1.00271	0.358223
1.00394	0.383789
1.00517	0.410768
1.0064	0.367323
1.00763	0.345482
1.00886	0.241613
1.01008	0.264539
1.01131	0.347677
1.01254	0.360259
1.01377	0.362914
1.015	0.354258
1.01623	0.367794
1.01746	0.364548
1.01869	0.271784
1.01992	0.321846
1.02115	0.311366
1.02237	0.368127
1.0236	0.325736
1.02483	0.356306
1.02606	0.306419
1.02729	0.322375
1.02852	0.390657
1.02975	0.406305
1.03098	0.384728
1.0322	0.370428
1.03343	0.330769
1.03466	0.337454
1.03589	0.396272
1.03712	0.415679
1.03835	0.423498
1.03957	0.433661
1.0408	0.397042
1.04203	0.35026
1.04326	0.460314
1.04449	-0.168012
1.04572	0.326606
1.04694	0.356451
1.04817	0.3842
1.0494	0.347225
1.05063	0.389178
1.05186	0.462196
1.05308	0.390407
1.05431	0.358771
1.05554	0.395402
1.05677	0.268118
1.058	0.456864
1.05923	0.378891
1.06045	0.41847
1.06168	0.463361
1.06291	0.471685
1.06414	0.35325
1.06537	0.366575
1.06659	0.41674
1.06782	0.398993
1.06905	0.319878
1.07028	0.382295
1.0715	0.342459
1.07273	0.41892
1.07396	0.335214
1.07519	0.305623
1.07642	0.242876
1.07764	0.441758
1.07887	0.581446
1.0801	0.489764
1.08133	0.407658
1.08255	0.405602
1.08378	0.405049
1.08501	0.372168
1.08624	0.317912
1.08746	0.33294
1.08869	0.375883
1.08992	0.355531
1.09115	0.325647
1.09237	0.389501
1.0936	0.466572
1.09483	0.512983
1.09606	0.500799
1.09728	0.406964
1.09851	0.426564
1.09974	0.374875
1.10097	0.406263
1.10219	0.360019
1.10342	0.395608
1.10465	0.425528
1.10587	0.356904
1.1071	0.390592
1.10833	0.340445
1.10955	0.294808
1.11078	0.341545
1.11201	0.342883
1.11324	0.40179
1.11446	0.337648
1.11569	0.484125
1.11692	0.501602
1.11814	0.373326
1.11937	0.495587
1.1206	0.536178
1.12182	0.50996
1.12305	0.384026
1.12428	0.390734
1.1255	0.424118
1.12673	0.368581
1.12796	0.357878
1.12918	0.35465
1.13041	0.386168
1.13164	0.419794
1.13286	0.468068
1.13409	0.323992
1.13532	0.471242
1.13654	0.387777
1.13777	0.401824
1.139	0.394678
1.14022	0.372378
1.14145	0.372834
1.14267	0.412479
1.1439	0.322844
1.14513	0.178974
1.14635	0.428489
1.14758	0.375646
1.14881	0.334913
1.15003	0.349953
1.15126	0.42176
1.15248	0.442557
1.15371	0.376957
1.15494	0.468409
1.15616	0.403156
1.15739	0.358084
1.15861	0.424128
1.15984	0.371901
1.16107	0.409665
1.16229	0.388493
1.16352	0.465437
1.16474	0.343684
1.16597	0.319676
1.1672	0.286715
1.16842	0.206297
1.16965	0.292967
1.17087	0.271995
1.1721	0.246106
1.17332	0.249742
1.17455	0.309586
1.17578	0.301674
1.177	0.259986
1.17823	0.238534
1.17945	0.333922
1.18068	0.418411
1.1819	0.381194
1.18313	0.353248
1.18435	0.338812
1.18558	0.248284
1.1868	0.354698
1.18803	0.349839
1.18926	0.341276
1.19048	0.314376
1.19171	0.214841
1.19293	0.283966
1.19416	0.231612
1.19538	0.22264
1.19661	0.223506
1.19783	0.325958
1.19906	0.30071
1.20028	0.320018
1.20151	0.321963
1.20273	0.376081
1.20396	0.386548
1.20518	0.331229
1.20641	0.279176
1.20763	0.33616
1.20886	0.189107
1.21008	0.180068
1.21131	0.148296
1.21253	0.319619
1.21375	0.295618
1.21498	0.350038
1.2162	0.386827
1.21743	0.377416
1.21865	0.301381
1.21988	0.125578
1.2211	0.177066
1.22233	0.196235
1.22355	0.160413
1.22478	0.166957
1.226	0.155967
1.22723	0.229444
1.22845	0.136303
1.22967	0.152029
1.2309	0.177483
1.23212	0.102638
1.23335	0.224256
1.23457	0.170346
1.2358	0.118995
1.23702	0.172086
1.23824	0.216768
1.23947	0.258039
1.24069	0.233029
1.24192	0.21672
1.24314	0.242485
1.24436	0.222886
1.24559	0.223102
1.24681	0.260666
1.24804	0.260222
1.24926	0.150021
1.25048	0.151063
1.25171	0.186447
1.25293	0.13373
1.25416	0.205093
1.25538	0.155384
1.2566	0.200704
1.25783	0.213395
1.25905	0.229667
1.26027	0.159329
1.2615	0.141053
1.26272	0.115204
1.26395	0.242035
1.26517	0.248109
1.26639	0.208865
1.26762	0.146031
1.26884	0.101487
1.27006	0.102532
1.27129	0.0454873
1.27251	0.0769873
1.27373	0.0673501
1.27496	0.179594
1.27618	0.0335127
1.2774	-0.0567529
1.27863	6.49617e-05
1.27985	0.0736565
1.28107	0.157794
1.2823	0.153149
1.28352	0.171149
1.28474	0.334584
1.28596	0.250102
1.28719	0.280838
1.28841	0.241476
1.28963	0.0473988
1.29086	0.214041
1.29208	0.0830245
1.2933	0.0955338
1.29452	0.0490176
1.29575	-0.0459293
1.29697	0.00175259
1.29819	-0.0178299
1.29942	0.16536
1.30064	0.100405
1.30186	0.15845
1.30308	0.205984
1.30431	0.250669
1.30553	0.156985
1.30675	0.157021
1.30797	0.196404
1.3092	0.201502
1.31042	0.215893
1.31164	0.242866
1.31286	0.241419
1.31409	0.266396
1.31531	0.178752
1.31653	0.157906
1.31775	0.0400964
1.31898	0.0727773
1.3202	0.106068
1.32142	0.106386
1.32264	0.125905
1.32386	0.269376
1.32509	0.184667
1.32631	0.10753
1.32753	0.12875
1.32875	0.227167
1.32997	0.163976
1.3312	0.168476
1.33242	0.231331
1.33364	0.105679
1.33486	0.240921
1.33608	0.0736049
1.33731	-0.021439
1.33853	0.126204
1.33975	0.130329
1.34097	0.136143
1.34219	0.102341
1.34341	0.052778
1.34464	0.117158
1.34586	0.262164
1.34708	0.161902
1.3483	0.167528
1.34952	0.210466
1.35074	0.153494
1.35196	0.117521
1.35319	0.0970139
1.35441	0.145113
1.35563	0.137886
1.35685	0.157356
1.35807	0.266148
1.35929	0.246737
1.36051	0.327871
1.36173	0.26793
1.36295	0.211112
1.36418	0.211166
1.3654	0.179735
1.36662	0.114119
1.36784	0.13283
1.36906	0.168951
1.37028	0.109167
1.3715	0.16934
1.37272	0.182094
1.37394	0.126403
1.37516	0.121414
1.37639	0.140509
1.37761	0.128314
1.37883	0.138753
1.38005	0.15123
1.38127	0.161705
1.38249	0.159244
1.38371	0.141996
1.38493	0.192867
1.38615	0.152832
1.38737	0.145385
1.38859	0.329571
1.38981	0.320973
1.39103	0.308883
1.39225	0.266556
1.39347	0.19371
1.39469	0.159193
1.39591	0.217276
1.39713	0.284166
1.39835	0.211121
1.39957	0.273021
1.40079	0.265184
1.40201	0.256704
1.40323	0.292018
1.40445	0.193066
1.40567	0.294945
1.40689	0.281801
1.40811	0.361327
1.40933	0.263638
1.41055	0.32601
1.41177	0.313981
1.41299	0.313117
1.41421	0.341781
1.41543	0.336973
1.41665	0.238873
1.41787	0.328955
1.41909	0.402972
1.42031	0.393108
1.42153	0.393063
1.42275	0.356245
1.42397	0.216756
1.42519	0.309173
1.42641	0.390698
1.42763	0.399834
1.42885	0.409535
1.43007	0.33578
1.43129	0.509861
1.43251	0.400297
1.43372	0.428855
1.43494	0.271065
1.43616	0.317188
1.43738	0.307581
1.4386	0.341446
1.43982	0.289463
1.44104	0.394271
1.44226	0.411115
1.44348	0.315491
1.4447	0.352427
1.44592	0.396992
1.44713	0.407345
1.44835	0.435454
1.44957	0.450926
1.45079	0.450108
1.45201	0.457643
1.45323	0.486413
1.45445	0.422063
1.45567	0.349899
1.45688	0.335617
1.4581	0.355587
1.45932	0.254702
1.46054	0.32932
1.46176	0.459799
1.46298	0.423808
1.46419	0.494334
1.46541	0.515016
1.46663	0.466752
1.46785	0.472734
1.46907	0.406406
1.47029	0.319846
1.47151	0.452388
1.47272	0.470334
1.47394	0.433896
1.47516	0.343962
1.47638	0.386854
1.4776	0.422808
1.47881	0.42508
1.48003	0.441805
1.48125	0.511706
1.48247	0.339172
1.48368	0.449718
1.4849	0.34909
1.48612	0.484371
1.48734	0.519634
1.48856	0.500643
1.48977	0.509879
1.49099	0.513908
1.49221	0.551182
1.49343	0.475727
1.49464	0.390626
1.49586	0.470808
1.49708	0.493471
1.4983	0.984582
1.49951	0.526215
1.50073	0.472508
1.50195	0.518526
1.50317	0.518526
1.50438	0.541361
1.5056	0.491381
1.50682	0.551415
1.50804	0.486452
1.50925	0.564677
1.51047	0.521751
1.51169	0.458555
1.5129	0.493543
1.51412	0.509314
1.51534	0.578814
1.51655	0.577869
1.51777	0.556924
1.51899	0.557772
1.52021	0.536417
1.52142	0.51559
1.52264	0.561472
1.52386	0.498798
1.52507	0.504624
1.52629	0.500508
1.52751	0.546942
1.52872	0.572106
1.52994	0.57988
1.53116	0.623288
1.53237	0.621534
1.53359	0.688324
1.5348	0.638625
1.53602	0.638649
1.53724	0.68972
1.53845	0.64883
1.53967	0.683649
1.54089	0.628586
1.5421	0.718987
1.54332	0.578572
1.54453	0.65618
1.54575	0.817266
1.54697	0.816048
1.54818	0.90051
1.5494	0.861631
1.55061	1.00775
1.55183	0.828121
1.55305	0.770964
1.55426	0.845275
1.55548	0.913162
1.55669	0.891609
1.55791	0.981933
1.55913	0.863628
1.56034	0.862613
1.56156	0.765123
1.56277	0.790348
1.56399	0.904318
1.5652	0.915647
1.56642	0.963791
1.56763	1.01349
1.56885	0.993398
1.57006	0.992382
1.57128	0.883709
1.5725	0.872381
1.57371	0.903089
1.57492	0.968161
1.57614	0.908302
1.57736	0.968264
1.57857	0.939591
1.57979	1.03985
1.581	0.845413
1.58222	0.882392
1.58343	0.906529
1.58465	0.915193
1.58586	0.929766
1.58708	0.929857
1.58829	0.950774
1.5895	0.963637
1.59072	0.933628
1.59193	0.865111
1.59315	0.810576
1.59436	0.975747
1.59558	1.02182
1.59679	0.98861
1.59801	0.859047
1.59922	0.987828
1.60044	0.978327
1.60165	0.868376
1.60287	0.906556
1.60408	0.928803
1.60529	0.94133
1.60651	0.917531
1.60772	0.941158
1.60894	1.01629
1.61015	0.994285
1.61136	0.813744
1.61258	0.796671
1.61379	0.842227
1.61501	0.786499
1.61622	0.789492
1.61744	0.776363
1.61865	0.755183
1.61986	0.693185
1.62108	0.720267
1.62229	0.694511
1.6235	0.773503
1.62472	0.709213
1.62593	0.749515
1.62715	0.781657
1.62836	0.702167
1.62957	0.717603
1.63079	0.693494
1.632	0.633677
1.63321	0.564099
1.63443	0.591147
1.63564	0.521992
1.63685	0.528029
1.63807	0.401467
1.63928	0.49785
1.64049	0.478541
1.64171	0.431695
1.64292	0.459529
1.64413	0.488703
1.64535	0.433477
1.64656	0.484523
1.64777	0.419213
1.64898	0.37067
1.6502	0.455805
1.65141	0.383633
1.65262	0.283255
1.65384	0.311847
1.65505	0.330396
1.65626	0.381826
1.65747	0.279089
1.65869	0.276671
1.6599	0.276572
1.66111	0.314311
1.66232	0.274956
1.66354	0.277212
1.66475	0.211904
1.66596	0.264038
1.66717	0.255092
1.66839	0.172803
1.6696	0.250522
1.67081	0.267931
1.67202	0.24276
1.67324	0.258967
1.67445	0.252851
1.67566	0.242114
1.67687	0.15145
1.67808	0.187094
1.6793	0.15318
1.68051	0.0822732
1.68172	0.104492
1.68293	0.15549
1.68414	0.137445
1.68535	0.145581
1.68657	0.193435
1.68778	0.142745
1.68899	0.120581
1.6902	0.147943
1.69141	0.10359
1.69262	0.126373
1.69384	0.119218
1.69505	0.127947
1.69626	0.201572
1.69747	0.202907
1.69868	0.183069
1.69989	0.13781
1.7011	0.0959934
1.70232	0.107847
1.70353	0.11171
1.70474	0.115455
1.70595	0.0971926
1.70716	0.0971563
1.70837	0.0895485
1.70958	0.0887327
1.71079	0.180228
1.712	0.250419
1.71321	0.187948
1.71443	0.0504043
1.71564	0.0426968
1.71685	0.0847221
1.71806	0.0570515
1.71927	0.0228061
1.72048	0.102387
1.72169	0.0451702
1.7229	0.0679602
1.72411	0.00349557
1.72532	-0.0773295
1.72653	0.0793974
1.72774	0.0746255
1.72895	0.0833237
1.73016	0.0519234
1.73137	0.0238811
1.73258	0.0111605
1.73379	0.0614518
1.735	0.0158536
1.73621	0.0590626
1.73742	0.0932082
1.73863	0.120335
1.73984	0.0934349
1.74105	0.0560907
1.74226	0.0483986
1.74347	0.0380998
1.74468	0.0457983
1.74589	0.040217
1.7471	0.0590626
1.74831	0.129417
1.74952	-0.0031733
1.75073	-0.00423644
1.75194	0.0122717
1.75315	0.030791
1.75436	0.0374201
1.75557	-0.0260812
1.75678	0.00325358
1.75799	-0.0220824
1.7592	0.0367077
1.76041	0.0152282
1.76162	0.116107
1.76283	0.0893608
1.76404	0.0453542
1.76525	-0.0862697
1.76645	0.0366442
1.76766	0.0226702
1.76887	0.060404
1.77008	-0.032547
1.77129	-0.00797512
1.7725	-0.0592479
1.77371	0.00126959
1.77492	-0.0518395
1.77613	-0.0523198
1.77734	-0.0798002
1.77854	-0.0897817
1.77975	0.00499648
1.78096	0.00248681
1.78217	0.392008
1.78338	-0.0591727
1.78459	-0.114317
1.78579	-0.0525192
1.787	-0.0528818
1.78821	-0.0492636
1.78942	-0.0350476
1.79063	-0.0851911
1.79184	-0.106516
1.79305	-0.0967071
1.79425	-0.0750437
1.79546	-0.156143
1.79667	-0.204215
1.79788	-0.092663
1.79908	-0.11031
1.80029	-0.0721987
1.8015	-0.0156827
1.80271	0.00964694
1.80392	-0.0367969
1.80512	0.392689
1.80633	-0.161936
1.80754	-0.141118
1.80875	-0.222846
1.80996	-0.0875195
1.81116	-0.0708364
1.81237	-0.0420881
1.81358	0.0142348
1.81479	-0.181443
1.81599	-0.177605
1.8172	-0.0788403
1.81841	-0.217114
1.81962	-0.142489
1.82082	-0.0852971
1.82203	-0.104934
1.82324	-0.0607434
1.82444	-0.0160996
1.82565	0.0322376
1.82686	0.0625693
1.82807	0.0203536
1.82927	-0.0693202
1.83048	-0.112807
1.83169	-0.108718
1.83289	-0.209238
1.8341	0.00677474
1.83531	0.133409
1.83651	0.059872
1.83772	0.0445566
1.83893	0.105473
1.84013	0.0616838
1.84134	0.139589
1.84255	-0.122584
1.84375	-0.223172
1.84496	-0.100495
1.84616	0.0317237
1.84737	0.0940412
1.84858	-0.014421
1.84978	0.0725862
1.85099	0.395126
1.8522	0.0709856
1.8534	0.0461726
1.85461	0.151086
1.85581	-0.171036
1.85702	-0.123678
1.85823	0.145078
1.85943	-0.167917
1.86064	-0.179964
1.86184	-0.258104
1.86305	-0.0578449
1.86426	-0.266328
1.86546	-0.146525
1.86667	-0.266097
1.86787	-0.283801
1.86908	-0.154516
1.87028	-0.0710848
1.87149	-0.0604026
1.87269	-0.127697
1.8739	-0.27241
1.87511	-0.324103
1.87631	-0.540094
1.87752	-0.523985
