MATERIAL INFORMATION
	Material = 25% iodine on King Arthur parchment
	Thickness = 0.006 mm
SAXS INSTRUMENT
	Source = Cu K-alpha
	Wavelength = 1.5418 A 
	Sample-to-detector distance = 106 mm
	Exposure time = 500 s

===============================================================
q (A^-1)	I(q)
===============================================================
0.00203935	12.5117
0.00327789	4.42897
0.00451643	5.1925
0.00575497	3.76349
0.00699351	0.508879
0.00823205	-2.82502
0.00947059	-5.95476
0.0107091	-6.62458
0.0119477	-6.442
0.0131862	-4.67523
0.0144248	-2.50105
0.0156633	-1.08293
0.0169018	-0.0782892
0.0181404	-0.0982302
0.0193789	-0.252435
0.0206174	-0.379302
0.021856	0.0720524
0.0230945	-0.954441
0.0243331	-1.19181
0.0255716	-1.85172
0.0268101	-1.41982
0.0280487	-0.413984
0.0292872	-0.308208
0.0305257	-2.58208
0.0317643	-5.28706
0.0330028	-6.47906
0.0342413	-5.84781
0.0354799	-3.08619
0.0367184	-0.301561
0.0379569	0.392276
0.0391954	0.199513
0.040434	0.306305
0.0416725	0.441976
0.042911	0.328639
0.0441495	0.156331
0.045388	0.300739
0.0466266	0.234977
0.0478651	0.44987
0.0491036	0.345005
0.0503421	0.294121
0.0515806	0.539554
0.0528192	0.913751
0.0540577	0.701971
0.0552962	0.816132
0.0565347	0.757656
0.0577732	1.53789
0.0590117	1.44202
0.0602502	1.4956
0.0614887	1.31709
0.0627272	1.56693
0.0639657	1.5576
0.0652042	1.25897
0.0664427	1.59639
0.0676812	1.49772
0.0689197	1.51939
0.0701582	1.12155
0.0713967	1.48977
0.0726352	1.03022
0.0738737	1.57794
0.0751122	1.62006
0.0763507	1.2417
0.0775892	1.13246
0.0788277	0.991933
0.0800662	0.908589
0.0813046	0.720042
0.0825431	1.17398
0.0837816	1.30084
0.0850201	1.34542
0.0862585	1.20371
0.087497	0.659792
0.0887355	0.919122
0.0899739	1.01368
0.0912124	1.06826
0.0924509	1.18574
0.0936893	1.31148
0.0949278	1.1005
0.0961662	0.895264
0.0974047	0.867541
0.0986431	0.784672
0.0998816	1.02946
0.10112	1.08078
0.102358	0.804997
0.103597	0.875432
0.104835	1.19827
0.106074	0.956249
0.107312	0.906259
0.108551	0.905806
0.109789	0.931834
0.111027	0.91454
0.112266	0.633999
0.113504	0.289248
0.114743	0.663306
0.115981	0.605851
0.11722	0.629713
0.118458	0.622178
0.119696	0.414371
0.120935	0.40658
0.122173	0.534078
0.123412	0.516763
0.12465	0.497887
0.125888	0.407099
0.127127	0.409122
0.128365	0.401227
0.129604	0.544965
0.130842	0.537339
0.13208	0.512371
0.133319	0.587945
0.134557	0.586455
0.135796	0.801166
0.137034	1.06229
0.138272	0.576706
0.139511	0.703298
0.140749	0.411692
0.141987	0.390947
0.143226	0.513685
0.144464	0.5101
0.145702	0.544302
0.146941	0.652873
0.148179	0.675902
0.149417	0.619713
0.150656	0.732258
0.151894	0.568812
0.153132	0.528119
0.154371	0.438647
0.155609	0.602728
0.156847	0.597929
0.158086	0.57252
0.159324	0.548903
0.160562	0.497313
0.1618	0.384124
0.163039	0.286963
0.164277	0.314443
0.165515	0.34941
0.166754	0.350467
0.167992	0.32842
0.16923	0.547839
0.170469	0.295197
0.171707	0.28242
0.172945	0.502183
0.174183	0.224769
0.175422	0.413208
0.17666	0.35288
0.177898	-0.194341
0.179136	0.306977
0.180374	0.378313
0.181613	0.374386
0.182851	0.385223
0.184089	0.334279
0.185327	0.320643
0.186566	0.755907
0.187804	0.222654
0.189042	0.129492
0.19028	0.0555742
0.191518	0.000332535
0.192757	-0.0915971
0.193995	0.0408987
0.195233	0.266256
0.196471	-0.198892
0.197709	0.310736
0.198948	0.128601
0.200186	0.317626
0.201424	0.340207
0.202662	0.295464
0.2039	0.38036
0.205138	0.387792
0.206377	-0.127108
0.207615	0.218299
0.208853	0.218462
0.210091	0.244321
0.211329	0.142475
0.212567	0.398052
0.213805	0.342901
0.215043	0.38717
0.216282	0.0768235
0.21752	-0.11162
0.218758	0.190052
0.219996	0.271973
0.221234	0.252789
0.222472	0.628435
0.22371	0.434587
0.224948	0.605225
0.226186	0.326477
0.227424	0.0172059
0.228662	0.170915
0.2299	0.00252499
0.231138	0.089544
0.232376	0.231649
0.233615	0.0658213
0.234852	0.152834
0.236091	-0.0769832
0.237329	-0.0571079
0.238567	0.0359374
0.239805	0.177679
0.241043	-0.0160732
0.242281	-0.121584
0.243519	0.0391784
0.244757	0.0109241
0.245995	0.427172
0.247233	0.453954
0.24847	0.10032
0.249709	0.428661
0.250946	0.373102
0.252184	0.191263
0.253422	0.232814
0.25466	0.0420262
0.255898	0.318825
0.257136	0.351331
0.258374	0.181258
0.259612	0.104244
0.26085	0.133204
0.262088	0.0984878
0.263326	0.326083
0.264564	0.182094
0.265801	-0.0128766
0.267039	-0.0987844
0.268277	0.224104
0.269515	0.274785
0.270753	0.436976
0.271991	0.312905
0.273229	-0.0029557
0.274467	-0.0161385
0.275704	0.0623428
0.276942	0.269959
0.27818	0.00353736
0.279418	0.103969
0.280656	0.160078
0.281893	0.0953165
0.283131	0.12196
0.284369	0.148695
0.285607	0.14835
0.286845	0.332235
0.288082	0.140916
0.28932	0.258963
0.290558	0.335198
0.291796	0.152256
0.293033	0.0815482
0.294271	0.102275
0.295509	0.233576
0.296746	0.203876
0.297984	0.22611
0.299222	0.194955
0.30046	0.132895
0.301697	-0.00885058
0.302935	0.229327
0.304173	0.0891978
0.30541	0.0579941
0.306648	0.0804298
0.307886	-0.0311485
0.309123	-0.0685587
0.310361	-0.225249
0.311599	-0.187697
0.312836	-0.128707
0.314074	0.0715793
0.315312	0.139762
0.316549	0.0450379
0.317787	0.00772375
0.319024	0.121309
0.320262	0.108817
0.321499	0.0880267
0.322737	0.0975253
0.323975	0.151444
0.325212	0.0934721
0.32645	0.00224851
0.327687	0.0623736
0.328925	0.00630353
0.330162	-0.0356874
0.3314	0.116922
0.332637	-0.384768
0.333875	0.416044
0.335112	0.16276
0.33635	0.16267
0.337587	0.132061
0.338825	0.10063
0.340062	0.0789787
0.3413	0.187725
0.342537	-0.079714
0.343775	0.112693
0.345012	0.0876288
0.346249	0.182217
0.347487	0.0735216
0.348724	-0.082647
0.349962	-0.0618291
0.351199	-0.0435663
0.352436	0.0418249
0.353674	0.337047
0.354911	0.138246
0.356149	0.273143
0.357386	0.197442
0.358623	0.169595
0.359861	0.0512301
0.361098	0.109963
0.362335	0.0798279
0.363573	0.105976
0.36481	0.0864841
0.366047	0.157457
0.367285	0.0789398
0.368522	0.350828
0.369759	-0.108119
0.370996	-0.0714754
0.372234	-0.0540491
0.373471	0.0223875
0.374708	0.0877014
0.375945	0.127661
0.377183	0.119588
0.37842	0.11128
0.379657	0.113907
0.380894	0.11237
0.382131	0.0749056
0.383369	-0.0459301
0.384606	0.176898
0.385843	0.225852
0.38708	0.0469838
0.388317	0.222388
0.389554	0.235813
0.390791	0.078376
0.392028	0.0784657
0.393265	-0.0140412
0.394503	0.00213518
0.39574	0.186176
0.396977	0.0163476
0.398214	0.0500074
0.399451	-0.102781
0.400688	-0.0711971
0.401925	-0.27415
0.403162	-0.0468944
0.404399	0.0753977
0.405636	-0.0538642
0.406873	0.0884355
0.40811	-0.0317603
0.409347	0.00917204
0.410584	-0.135369
0.411821	-0.0484008
0.413058	-0.115424
0.414295	0.0756089
0.415532	0.11887
0.416769	0.0072089
0.418006	-0.0667633
0.419243	0.0102415
0.42048	0.264969
0.421716	0.140334
0.422953	0.252613
0.42419	0.0361177
0.425427	0.019818
0.426664	-0.021011
0.427901	0.0224609
0.429138	-0.0724234
0.430374	-0.0423636
0.431611	-0.0337832
0.432848	0.0818155
0.434085	0.120781
0.435321	0.303823
0.436558	0.0770038
0.437795	0.199296
0.439032	-0.0324573
0.440269	-0.0425385
0.441505	-0.00664457
0.442742	0.0216361
0.443979	-0.168989
0.445215	0.00977022
0.446452	0.0210143
0.447689	0.117012
0.448925	-0.0111953
0.450162	0.137649
0.451399	-0.191075
0.452635	-0.340719
0.453872	0.0882062
0.455108	-0.0794295
0.456345	0.00161584
0.457582	0.0373285
0.458818	0.212907
0.460055	0.00483157
0.461291	0.209407
0.462528	0.0409893
0.463765	-0.0638458
0.465001	0.072888
0.466238	0.158334
0.467474	0.0423905
0.468711	0.023611
0.469947	-0.116641
0.471183	-0.0314839
0.47242	-0.0271724
0.473656	0.185621
0.474893	0.218658
0.476129	0.15255
0.477366	0.119878
0.478602	0.17557
0.479839	0.164769
0.481075	0.128449
0.482311	0.060801
0.483548	0.0258098
0.484784	0.0821173
0.48602	0.0106956
0.487257	0.012811
0.488493	-0.00424094
0.489729	-0.145199
0.490966	-0.103688
0.492202	0.0491373
0.493438	0.0150551
0.494675	0.0249642
0.495911	-0.0287757
0.497147	0.0315696
0.498383	-0.0161938
0.499619	-0.0613842
0.500856	-0.102872
0.502092	-0.124352
0.503328	-0.142581
0.504564	-0.11437
0.5058	-0.0659839
0.507037	0.0121503
0.508273	0.0247376
0.509509	0.0132026
0.510745	0.024472
0.511981	-0.0136153
0.513217	-0.105923
0.514453	0.372207
0.515689	-0.0720455
0.516925	-0.133572
0.518161	0.011389
0.519397	0.14782
0.520633	0.0679467
0.521869	0.0357914
0.523105	0.0195914
0.524341	0.0106004
0.525577	0.0746156
0.526813	0.0530908
0.528049	0.105285
0.529285	0.139648
0.530521	0.156969
0.531757	0.0414424
0.532993	0.081414
0.534229	0.0607322
0.535465	0.0350699
0.5367	-0.113579
0.537936	-0.1442
0.539172	-0.0742533
0.540408	-0.117948
0.541644	-0.0986077
0.542879	-0.0167077
0.544115	0.011389
0.545351	0.0998699
0.546587	0.620589
0.547823	0.0282624
0.549058	0.195966
0.550294	0.129518
0.55153	0.0901177
0.552766	-0.0180881
0.554001	-0.00362102
0.555237	-0.149289
0.556473	-0.0484434
0.557708	-0.0219564
0.558944	0.0941255
0.560179	0.0511639
0.561415	0.0517893
0.562651	0.0651986
0.563886	-0.0120536
0.565122	-0.135212
0.566357	-0.152968
0.567593	-0.166839
0.568828	-0.104672
0.570064	0.028585
0.571299	-0.0241977
0.572535	-0.110477
0.57377	-0.111607
0.575006	0.0907186
0.576241	-0.455745
0.577477	-0.0308268
0.578712	-0.0721026
0.579948	0.0694693
0.581183	-0.112452
0.582418	0.423874
0.583654	-0.0595117
0.584889	-0.00736603
0.586124	-0.0335567
0.58736	-0.0671377
0.588595	-0.0756699
0.58983	-0.0702672
0.591066	-0.0741355
0.592301	-0.0920358
0.593536	-0.408535
0.594771	-0.495258
0.596007	-0.00729986
0.597242	0.0597171
0.598477	0.0605808
0.599712	0.113509
0.600947	0.177409
0.602182	0.0780189
0.603418	0.102697
0.604653	0.181571
0.605888	0.152324
0.607123	0.0857717
0.608358	-0.0605512
0.609593	0.0330615
0.610828	0.0246651
0.612063	0.0517557
0.613298	-0.0879527
0.614533	-0.091453
0.615768	-0.0853071
0.617003	-0.0958624
0.618238	-0.0908548
0.619473	0.120153
0.620708	0.0213977
0.621943	0.0659056
0.623178	0.238579
0.624413	0.0331276
0.625648	0.15477
0.626883	0.117177
0.628118	0.122277
0.629352	0.101455
0.630587	0.146068
0.631822	0.141073
0.633057	0.00749259
0.634292	-0.045698
0.635527	-0.0460334
0.636761	0.103276
0.637996	0.0352956
0.639231	-0.038818
0.640466	-0.000682643
0.6417	-0.0304524
0.642935	0.0590101
0.64417	0.211594
0.645404	0.110824
0.646639	0.615484
0.647873	-0.0526261
0.649108	0.0512545
0.650343	0.0630723
0.651577	0.0775267
0.652812	0.0257282
0.654046	0.10836
0.655281	0.156352
0.656516	0.155201
0.65775	-0.0459971
0.658985	0.0202131
0.660219	0.082063
0.661454	-0.0860231
0.662688	-0.0143431
0.663922	0.104726
0.665157	-0.00363369
0.666391	0.0117542
0.667625	-0.0323612
0.66886	-0.0120264
0.670094	-0.00290862
0.671329	0.0221282
0.672563	0.0773998
0.673797	0.128709
0.675032	0.1493
0.676266	0.0808276
0.6775	-0.0177074
0.678734	-0.145507
0.679969	0.0349186
0.681203	0.0571467
0.682437	-0.0180881
0.683671	-0.0662168
0.684905	-0.0923077
0.68614	-0.0775126
0.687374	-0.0708527
0.688608	0.154045
0.689842	0.13593
0.691076	0.0178847
0.69231	0.0713228
0.693544	0.0742947
0.694778	0.107027
0.696012	0.106393
0.697246	0.103684
0.69848	0.2854
0.699714	0.273373
0.700948	0.345663
0.702182	0.141749
0.703416	0.0641047
0.70465	0.157264
0.705884	0.253857
0.707118	0.0918869
0.708352	0.0114243
0.709585	-0.0441881
0.710819	0.0505956
0.712053	-0.0132772
0.713287	0.0597316
0.714521	-0.401093
0.715754	0.000864465
0.716988	-0.0677757
0.718222	-0.0399391
0.719456	-0.014576
0.720689	0.0845663
0.721923	-0.00434336
0.723157	0.106638
0.72439	0.108782
0.725624	0.170558
0.726858	0.173732
0.728091	0.173479
0.729325	0.168151
0.730558	0.125883
0.731792	-0.0461757
0.733025	-0.179518
0.734259	-0.056595
0.735492	0.0310249
0.736726	0.0540144
0.737959	0.104502
0.739193	0.0427159
0.740426	0.201231
0.74166	0.173249
0.742893	0.152241
0.744126	0.0986219
0.74536	0.168031
0.746593	0.156512
0.747826	0.123294
0.74906	0.0615107
0.750293	0.141003
0.751526	0.0726578
0.752759	0.0447189
0.753993	0.285729
0.755226	0.317573
0.756459	0.231103
0.757692	0.182431
0.758925	0.0529675
0.760159	-0.0281485
0.761392	0.0677319
0.762625	-0.0434485
0.763858	-0.0236394
0.765091	0.0504506
0.766324	0.135921
0.767557	0.0331784
0.76879	0.0262802
0.770023	0.126797
0.771256	0.0516343
0.772489	0.0560165
0.773722	0.127325
0.774955	0.20372
0.776188	0.146805
0.777421	0.0664268
0.778654	-0.00776297
0.779887	0.0765624
0.781119	0.106688
0.782352	0.106142
0.783585	0.172032
0.784818	0.0786615
0.786051	0.191397
0.787283	0.238992
0.788516	0.0518763
0.789749	0.05994
0.790982	0.0626944
0.792214	0.154011
0.793447	0.119929
0.79468	0.136059
0.795912	0.135274
0.797145	-0.031918
0.798377	0.116368
0.79961	0.125867
0.800843	0.112086
0.802075	0.0537334
0.803308	0.02545
0.80454	-0.00385755
0.805773	0.0402153
0.807005	0.148696
0.808238	0.0596074
0.80947	0.0969424
0.810702	0.0288805
0.811935	0.111868
0.813167	0.162413
0.8144	0.169985
0.815632	0.175675
0.816864	0.200648
0.818096	0.233039
0.819329	0.181283
0.820561	0.132085
0.821793	0.186094
0.823025	0.110687
0.824258	0.0527274
0.82549	0.0123968
0.826722	0.0733793
0.827954	0.168547
0.829186	0.127114
0.830418	0.22814
0.83165	0.140795
0.832882	0.149103
0.834114	0.109533
0.835347	0.271567
0.836579	0.164793
0.837811	0.0839953
0.839043	0.0601032
0.840274	0.00950378
0.841506	0.110062
0.842738	0.0251627
0.84397	0.0323056
0.845202	0.0188808
0.846434	0.171869
0.847666	0.16495
0.848898	0.154821
0.850129	0.306492
0.851361	0.291023
0.852593	0.0960243
0.853825	0.109252
0.855056	0.0866074
0.856288	0.125797
0.85752	0.115015
0.858751	0.0417252
0.859983	0.169039
0.861215	0.180803
0.862446	0.163494
0.863678	0.227651
0.864909	0.174768
0.866141	0.219841
0.867372	0.146615
0.868604	0.0846352
0.869835	0.15974
0.871067	0.122414
0.872298	0.114206
0.87353	0.12705
0.874761	0.138059
0.875993	0.0663578
0.877224	0.00949471
0.878455	0.295058
0.879687	0.225084
0.880918	0.143547
0.882149	0.0924606
0.88338	0.073092
0.884612	0.223711
0.885843	0.127364
0.887074	0.207751
0.888305	0.201859
0.889536	0.230475
0.890767	0.235129
0.891999	0.419596
0.89323	0.320019
0.894461	0.325999
0.895692	0.280135
0.896923	0.215964
0.898154	0.441181
0.899385	0.304085
0.900616	0.190594
0.901847	-0.220506
0.903078	0.30291
0.904308	0.237841
0.905539	0.145823
0.90677	0.0942307
0.908001	0.151196
0.909232	0.153836
0.910463	0.192364
0.911693	0.157001
0.912924	0.175738
0.914155	0.131267
0.915386	0.226522
0.916616	0.196677
0.917847	0.0447669
0.919078	0.0290047
0.920308	0.153592
0.921539	0.106767
0.92277	0.178145
0.924	0.348855
0.925231	0.204218
0.926461	0.307637
0.927692	0.277345
0.928922	0.238627
0.930153	0.238835
0.931383	0.183062
0.932614	0.202717
0.933844	0.193802
0.935074	0.16052
0.936305	0.113913
0.937535	0.187218
0.938765	0.185373
0.939996	0.19279
0.941226	-0.224479
0.942456	0.191691
0.943686	0.192718
0.944917	0.171118
0.946147	0.249109
0.947377	0.268683
0.948607	0.188064
0.949837	0.184545
0.951067	0.12153
0.952297	0.246351
0.953527	0.350807
0.954757	0.210198
0.955987	0.236697
0.957217	0.242233
0.958447	0.234834
0.959677	0.415679
0.960907	0.259161
0.962137	0.210325
0.963367	0.231273
0.964597	0.203744
0.965827	0.0275228
0.967056	0.379121
0.968286	0.300023
0.969516	0.283331
0.970746	0.296233
0.971975	0.334387
0.973205	0.274606
0.974435	0.259907
0.975664	0.25708
0.976894	0.255561
0.978124	0.277077
0.979353	0.276922
0.980583	0.255914
0.981812	0.352329
0.983042	0.354613
0.984271	0.233677
0.985501	0.269949
0.98673	0.386783
0.98796	0.437573
0.989189	0.399139
0.990418	0.357004
0.991648	0.331768
0.992877	0.322977
0.994106	0.373522
0.995336	0.300211
0.996565	0.249437
0.997794	0.398263
0.999023	0.366859
1.00025	0.402648
1.00148	0.449509
1.00271	0.530071
1.00394	0.508365
1.00517	0.443529
1.0064	0.428265
1.00763	0.300063
1.00886	0.257102
1.01008	0.24821
1.01131	0.412255
1.01254	0.392111
1.01377	0.391129
1.015	0.345202
1.01623	0.378738
1.01746	0.361855
1.01869	0.297273
1.01992	0.295518
1.02115	0.325946
1.02237	0.299073
1.0236	0.276681
1.02483	0.31816
1.02606	0.316454
1.02729	0.319682
1.02852	0.284331
1.02975	0.354523
1.03098	0.38749
1.0322	0.276829
1.03343	0.343531
1.03466	0.342034
1.03589	0.396306
1.03712	0.341171
1.03835	0.405351
1.03957	0.383697
1.0408	0.351623
1.04203	0.32575
1.04326	0.43944
1.04449	-0.159796
1.04572	0.322096
1.04694	0.350122
1.04817	0.393325
1.0494	0.320896
1.05063	0.395576
1.05186	0.46223
1.05308	0.306807
1.05431	0.366987
1.05554	0.435435
1.05677	0.349968
1.058	0.477807
1.05923	0.438014
1.06045	0.371233
1.06168	0.432487
1.06291	0.341723
1.06414	0.25147
1.06537	0.25934
1.06659	0.284051
1.06782	0.344484
1.06905	0.285368
1.07028	0.41051
1.0715	0.340676
1.07273	0.378047
1.07396	0.383429
1.07519	0.330202
1.07642	0.183822
1.07764	0.393612
1.07887	0.516937
1.0801	0.367984
1.08133	0.374057
1.08255	0.352001
1.08378	0.365993
1.08501	0.409474
1.08624	0.369763
1.08746	0.412972
1.08869	0.398644
1.08992	0.347383
1.09115	0.320227
1.09237	-0.0631778
1.0936	0.429335
1.09483	0.52029
1.09606	0.459926
1.09728	0.350636
1.09851	0.351147
1.09974	0.341274
1.10097	0.323573
1.10219	0.340963
1.10342	0.334735
1.10465	0.419199
1.10587	0.399664
1.1071	0.384263
1.10833	0.336844
1.10955	0.269389
1.11078	0.353397
1.11201	0.392006
1.11324	0.409097
1.11446	0.458588
1.11569	0.455979
1.11692	0.623451
1.11814	0.357906
1.11937	0.49744
1.1206	0.42167
1.12182	0.376362
1.12305	0.372243
1.12428	0.466221
1.1255	0.503241
1.12673	0.450431
1.12796	0.412456
1.12918	0.418318
1.13041	0.418019
1.13164	0.419828
1.13286	0.374469
1.13409	0.374025
1.13532	0.472185
1.13654	0.346904
1.13777	0.387313
1.139	0.396531
1.14022	0.339686
1.14145	0.392867
1.14267	0.459785
1.1439	0.375604
1.14513	0.310822
1.14635	0.192167
1.14758	0.235685
1.14881	0.4104
1.15003	0.419076
1.15126	0.41634
1.15248	0.4635
1.15371	0.320629
1.15494	0.390264
1.15616	0.426826
1.15739	0.349937
1.15861	0.275076
1.15984	0.276484
1.16107	0.241522
1.16229	0.364892
1.16352	0.322749
1.16474	0.414625
1.16597	0.318802
1.1672	0.252205
1.16842	0.214513
1.16965	0.260275
1.17087	0.26112
1.1721	0.282503
1.17332	0.317956
1.17455	0.376891
1.17578	0.345343
1.177	0.346382
1.17823	0.328566
1.17945	0.351229
1.18068	0.411173
1.1819	0.32123
1.18313	0.318738
1.18435	0.293393
1.18558	0.332861
1.1868	0.487455
1.18803	0.341692
1.18926	0.32313
1.19048	0.325319
1.19171	0.315782
1.19293	0.311273
1.19416	0.254373
1.19538	0.218129
1.19661	0.335355
1.19783	0.400536
1.19906	0.291654
1.20028	0.265509
1.20151	0.258363
1.20273	0.277937
1.20396	0.345675
1.20518	0.382171
1.20641	0.313755
1.20763	0.375284
1.20886	0.231867
1.21008	0.273736
1.21131	0.269236
1.21253	0.417833
1.21375	0.252018
1.21498	0.38189
1.2162	0.251411
1.21743	0.234728
1.21865	0.313233
1.21988	0.172884
1.2211	0.28437
1.22233	0.305357
1.22355	0.338624
1.22478	0.325169
1.226	0.194182
1.22723	0.254024
1.22845	0.254516
1.22967	0.149336
1.2309	0.201153
1.23212	0.123581
1.23335	0.280652
1.23457	0.203107
1.2358	0.124483
1.23702	0.184847
1.23824	0.294073
1.23947	0.307163
1.24069	0.336697
1.24192	0.25039
1.24314	0.316154
1.24436	-0.237066
1.24559	0.252226
1.24681	0.236156
1.24804	0.246621
1.24926	0.124601
1.25048	0.0956445
1.25171	0.220116
1.25293	0.154673
1.25416	0.179673
1.25538	0.258143
1.2566	0.272555
1.25783	0.267973
1.25905	0.256065
1.26027	0.0911834
1.2615	0.239267
1.26272	0.186146
1.26395	0.220252
1.26517	0.229962
1.26639	0.187991
1.26762	0.137884
1.26884	0.158792
1.27006	0.206199
1.27129	0.128247
1.27251	0.177928
1.27373	0.161927
1.27496	0.153265
1.27618	0.119908
1.2774	-0.0285374
1.27863	0.0264623
1.27985	0.118235
1.28107	0.304188
1.2823	0.320451
1.28352	0.311179
1.28474	0.424616
1.28596	0.32468
1.28719	0.288145
1.28841	0.220602
1.28963	0.185611
1.29086	0.266801
1.29208	0.221237
1.2933	0.303744
1.29452	0.147231
1.29575	0.115918
1.29697	0.161782
1.29819	0.117655
1.29942	0.224483
1.30064	0.134984
1.30186	0.134848
1.30308	0.199655
1.30431	0.350701
1.30553	0.219745
1.30675	0.218872
1.30797	0.237346
1.3092	0.209718
1.31042	0.227745
1.31164	0.196538
1.31286	0.311451
1.31409	0.26734
1.31531	0.24333
1.31653	0.268846
1.31775	0.22558
1.31898	0.20099
1.3202	0.190646
1.32142	0.187327
1.32264	0.165029
1.32386	0.247593
1.32509	0.20561
1.32631	0.0502937
1.32753	0.213327
1.32875	0.208111
1.32997	0.256735
1.3312	0.144875
1.33242	0.193185
1.33364	0.214801
1.33486	0.336407
1.33608	0.170909
1.33731	0.0867741
1.33853	0.218054
1.33975	0.173999
1.34097	0.318899
1.34219	0.246917
1.34341	0.207353
1.34464	0.269006
1.34586	0.331288
1.34708	0.151028
1.3483	0.153018
1.34952	0.206864
1.35074	0.197163
1.35196	0.23937
1.35319	0.224317
1.35441	0.26878
1.35563	0.210645
1.35685	0.244661
1.35807	0.35618
1.35929	0.264044
1.36051	0.266089
1.36173	0.255237
1.36295	0.264781
1.36418	0.341197
1.3654	0.461579
1.36662	0.45778
1.36784	0.297405
1.36906	0.413523
1.37028	0.292832
1.3715	0.244827
1.37272	0.276671
1.37394	0.295523
1.37516	0.309624
1.37639	0.270539
1.37761	0.296526
1.37883	0.300601
1.38005	0.302169
1.38127	0.277191
1.38249	0.290183
1.38371	0.293844
1.38493	0.316534
1.38615	0.319225
1.38737	0.281779
1.38859	0.272335
1.38981	0.272827
1.39103	0.331644
1.39225	0.393859
1.39347	0.345558
1.39469	0.313768
1.39591	0.396396
1.39713	0.456922
1.39835	0.367514
1.39957	0.511231
1.40079	0.437941
1.40201	0.364917
1.40323	0.424776
1.40445	0.415821
1.40567	0.394067
1.40689	0.409105
1.40811	0.40227
1.40933	0.404577
1.41055	0.405133
1.41177	0.388559
1.41299	0.535872
1.41421	0.478175
1.41543	0.388824
1.41665	0.472537
1.41787	0.451713
1.41909	0.491186
1.42031	0.484049
1.42153	0.491276
1.42275	0.535365
1.42397	0.474965
1.42519	0.490111
1.42641	0.504366
1.42763	0.498048
1.42885	0.456841
1.43007	0.439448
1.43129	0.552622
1.43251	0.494874
1.43372	0.577976
1.43494	0.428367
1.43616	0.433583
1.43738	0.427612
1.4386	0.525111
1.43982	0.484947
1.44104	0.451577
1.44226	0.460239
1.44348	0.483702
1.4447	0.545183
1.44592	0.542477
1.44713	0.571011
1.44835	0.564575
1.44957	0.576411
1.45079	0.583774
1.45201	0.504949
1.45323	0.568263
1.45445	0.510276
1.45567	0.457203
1.45688	0.442012
1.4581	0.568342
1.45932	0.501092
1.46054	0.525712
1.46176	0.508923
1.46298	0.50384
1.46419	0.508914
1.46541	0.551413
1.46663	0.486786
1.46785	0.475496
1.46907	0.512801
1.47029	0.46624
1.47151	0.482421
1.47272	0.503094
1.47394	0.431203
1.47516	0.396722
1.47638	0.471431
1.4776	0.576475
1.47881	0.532384
1.48003	0.413659
1.48125	0.489923
1.48247	0.438294
1.48368	0.657019
1.4849	0.437304
1.48612	0.53804
1.48734	0.560576
1.48856	0.529768
1.48977	0.514459
1.49099	0.489398
1.49221	0.553944
1.49343	0.555759
1.49464	0.477931
1.49586	0.580839
1.49708	0.447143
1.4983	0.524631
1.49951	0.533522
1.50073	0.514359
1.50195	0.520378
1.50317	0.542196
1.50438	0.548668
1.5056	0.504142
1.50682	0.563267
1.50804	0.58012
1.50925	0.601983
1.51047	0.59542
1.51169	0.653129
1.5129	0.612665
1.51412	0.522076
1.51534	0.517032
1.51655	0.461543
1.51777	0.434235
1.51899	0.527808
1.52021	0.58645
1.52142	0.554714
1.52264	0.666049
1.52386	0.581557
1.52507	0.570111
1.52629	0.592357
1.52751	0.578794
1.52872	0.493961
1.52994	0.51628
1.53116	0.656958
1.53237	0.596114
1.53359	0.621088
1.5348	0.665022
1.53602	0.62232
1.53724	0.663391
1.53845	0.667046
1.53967	0.659139
1.54089	0.587712
1.5421	0.63357
1.54332	0.606787
1.54453	0.635306
1.54575	0.74912
1.54697	1.2688
1.54818	0.862364
1.5494	0.871665
1.55061	0.9496
1.55183	0.863608
1.55305	0.78918
1.55426	0.794402
1.55548	0.745928
1.55669	0.729831
1.55791	0.75652
1.55913	0.715485
1.56034	0.749015
1.56156	0.739704
1.56277	0.778564
1.56399	0.802538
1.5652	0.842956
1.56642	0.8911
1.56763	0.881708
1.56885	0.91798
1.57006	0.904238
1.57128	0.865562
1.5725	0.876052
1.57371	0.883125
1.57492	0.878199
1.57614	0.86652
1.57736	0.954662
1.57857	0.938716
1.57979	0.97898
1.581	0.919991
1.58222	0.80152
1.58343	0.842929
1.58465	0.934318
1.58586	1.00071
1.58708	0.938982
1.58829	0.89172
1.5895	0.868219
1.59072	0.861847
1.59193	0.816056
1.59315	0.796065
1.59436	0.950328
1.59558	0.865495
1.59679	0.850467
1.59801	0.808173
1.59922	0.805141
1.60044	0.865638
1.60165	0.819321
1.60287	0.760232
1.60408	0.81884
1.60529	0.815914
1.60651	0.857567
1.60772	0.816651
1.60894	0.724518
1.61015	0.772508
1.61136	0.699236
1.61258	0.815796
1.61379	0.83408
1.61501	0.793806
1.61622	0.786799
1.61744	0.705491
1.61865	0.686129
1.61986	0.714128
1.62108	0.740301
1.62229	0.610003
1.6235	0.73172
1.62472	0.764701
1.62593	0.229566
1.62715	0.758056
1.62836	0.698565
1.62957	0.722183
1.63079	0.677165
1.632	0.58644
1.63321	0.569587
1.63443	0.598454
1.63564	0.571115
1.63685	0.655332
1.63807	0.595132
1.63928	0.562428
1.64049	0.5613
1.64171	0.464456
1.64292	0.407747
1.64413	0.468738
1.64535	0.5126
1.64656	0.623644
1.64777	0.482882
1.64898	0.420703
1.6502	0.443112
1.65141	0.40003
1.65262	0.505101
1.65384	0.43915
1.65505	0.64133
1.65626	0.496403
1.65747	0.901832
1.65869	0.320341
1.6599	0.351149
1.66111	0.434342
1.66232	0.363169
1.66354	0.376334
1.66475	0.341025
1.66596	0.348615
1.66717	0.345124
1.66839	0.302833
1.6696	0.322373
1.67081	0.348872
1.67202	0.396427
1.67324	0.309909
1.67445	0.377427
1.67566	0.305783
1.67687	0.269663
1.67808	0.278035
1.6793	0.316846
1.68051	0.271393
1.68172	0.293612
1.68293	0.309157
1.68414	0.301111
1.68535	0.289248
1.68657	0.238923
1.68778	0.303684
1.68899	0.248793
1.6902	0.267974
1.69141	0.186349
1.69262	0.255495
1.69384	0.228341
1.69505	0.252523
1.69626	0.25615
1.69747	0.287484
1.69868	-0.0887068
1.69989	0.333293
1.7011	0.319658
1.70232	0.761499
1.70353	0.306284
1.70474	0.22185
1.70595	0.295403
1.70716	0.298094
1.70837	0.320485
1.70958	0.296034
1.71079	0.192081
1.712	0.318633
1.71321	0.197073
1.71443	0.164072
1.71564	0.25727
1.71685	0.276569
1.71806	0.25708
1.71927	0.183745
1.72048	0.303324
1.72169	0.240653
1.7229	0.160719
1.72411	0.18807
1.72532	0.119063
1.72653	0.24579
1.72774	0.212838
1.72895	0.159719
1.73016	0.168318
1.73137	0.201183
1.73258	0.140282
1.73379	0.17421
1.735	0.155884
1.73621	0.238183
1.73742	0.281419
1.73863	0.297637
1.73984	0.253464
1.74105	0.258846
1.74226	0.238427
1.74347	0.257219
1.74468	0.308552
1.74589	0.286608
1.7471	0.308181
1.74831	0.290355
1.74952	0.180492
1.75073	0.19761
1.75194	0.250481
1.75315	0.175367
1.75436	0.231994
1.75557	0.120313
1.75678	0.136011
1.75799	0.100676
1.7592	0.159466
1.76041	0.131623
1.76162	0.190685
1.76283	0.233027
1.76404	0.103569
1.76525	0.158303
1.76645	0.0748594
1.76766	0.0636125
1.76887	0.0613476
1.77008	0.0783932
1.77129	0.0656935
1.7725	0.0426017
1.77371	0.0758473
1.77492	-0.0163515
1.77613	-0.000468731
1.77734	0.0720479
1.77854	0.0620663
1.77975	0.0550294
1.78096	0.153426
1.78217	0.567492
1.78338	0.196309
1.78459	0.132073
1.78579	0.102056
1.787	0.158055
1.78821	0.225308
1.78942	0.101346
1.79063	0.039385
1.79184	0.129874
1.79305	0.0769585
1.79425	0.0813497
1.79546	0.00297719
1.79667	0.0939923
1.79788	0.0973657
1.79908	0.15608
1.80029	0.171465
1.8015	0.230708
1.80271	-0.314854
1.80392	0.101415
1.80512	0.132731
1.80633	0.0426379
1.80754	-0.0247234
1.80875	-0.0109996
1.80996	0.102509
1.81116	0.0991929
1.81237	0.0733975
1.81358	0.122448
1.81479	-0.12141
1.81599	0.0133331
1.8172	0.200277
1.81841	0.0710935
1.81962	0.126628
1.82082	0.068369
1.82203	0.0769132
1.82324	0.0847412
1.82444	0.178474
1.82565	0.236811
1.82686	0.0980572
1.82807	0.0640231
1.82927	0.0461654
1.83048	-0.0209575
1.83169	0.14949
1.83289	0.0680609
1.8341	0.0995337
1.83531	0.187078
1.83651	0.102632
1.83772	0.254585
1.83893	0.243685
1.84013	0.142625
1.84134	0.121442
1.84255	0.0747171
1.84375	-0.027689
1.84496	0.0140817
1.84616	0.086302
1.84737	0.123166
1.84858	-0.0343859
1.84978	0.0808023
1.85099	0.107897
1.8522	0.109201
1.8534	0.0643884
1.85461	-0.0861454
1.85581	0.228077
1.85702	0.132712
1.85823	0.0987506
1.85943	0.00574882
1.86064	-0.0508424
1.86184	-0.0789835
1.86305	0.0649132
1.86426	-0.0699355
1.86546	0.185317
1.86667	-0.0460696
1.86787	-0.112863
1.86908	-0.138118
1.87028	-0.553763
1.87149	0.0405379
1.87269	-0.432199
1.8739	-0.0614729
1.87511	0.0313748
1.87631	0.558089
1.87752	0.211482
