MATERIAL INFORMATION	
	Material = Flx9095
	Thickness = 1 mm
SAXS INSTRUMENT	
	Source = Cu K-alpha
	Wavelength = 1.5418 A 
	Sample-to-detector distance = 106 mm
	Exposure time = 60 s

===============================================================	
q (A^-1)	I(q)
===============================================================
0.00171434	-0.00192394
0.00294236	-0.000310427
0.00417038	-0.0593959
0.0053984	-0.0517241
0.00662642	-0.00605892
0.00785444	0.0217331
0.00908246	0.0541349
0.0103105	0.100309
0.0115385	0.121538
0.0127665	0.0887073
0.0139945	0.040428
0.0152226	0.0346394
0.0164506	0.0446539
0.0176786	0.0458162
0.0189066	0.0388208
0.0201346	0.0399611
0.0213626	0.0350993
0.0225907	0.020996
0.0238187	0.0033327
0.0250467	0.0185375
0.0262747	0.026168
0.0275027	0.0253391
0.0287307	0.0116221
0.0299587	0.0243994
0.0311868	0.0285171
0.0324148	0.0162908
0.0336428	0.000984705
0.0348708	-0.00441988
0.0360988	-0.00843962
0.0373268	-0.0227106
0.0385548	-0.0106904
0.0397828	-0.0173637
0.0410108	0.00813071
0.0422388	0.0109211
0.0434668	0.00479316
0.0446948	0.00291051
0.0459228	-0.0077703
0.0471508	-0.00627905
0.0483788	-0.00332926
0.0496068	-0.00088537
0.0508348	-0.0120466
0.0520628	-0.00390985
0.0532908	0.00235437
0.0545188	0.00341342
0.0557468	0.00196116
0.0569748	0.00399995
0.0582028	0.0105424
0.0594308	0.0124141
0.0606587	0.00684118
0.0618867	0.0121301
0.0631147	0.0264157
0.0643427	0.0196336
0.0655707	0.0273156
0.0667987	0.0317195
0.0680266	0.0443358
0.0692546	0.0567451
0.0704826	0.0543407
0.0717106	0.0627792
0.0729385	0.0608468
0.0741665	0.0649603
0.0753945	0.0852369
0.0766224	0.104415
0.0778504	0.0954162
0.0790784	0.109491
0.0803063	0.103067
0.0815343	0.110259
0.0827623	0.108211
0.0839902	0.103095
0.0852182	0.100354
0.0864461	0.108225
0.0876741	0.105176
0.088902	0.103883
0.09013	0.106652
0.0913579	0.11649
0.0925858	0.114386
0.0938138	0.110313
0.0950417	0.102735
0.0962697	0.107256
0.0974976	0.109269
0.0987255	0.0990382
0.0999535	0.0928025
0.101181	0.0949157
0.102409	0.0887846
0.103637	0.0906052
0.104865	0.0937651
0.106093	0.103475
0.107321	0.110088
0.108549	0.103156
0.109777	0.105858
0.111005	0.109614
0.112233	0.109788
0.113461	0.110803
0.114688	0.111184
0.115916	0.102894
0.117144	0.10293
0.118372	0.104286
0.1196	0.100901
0.120828	0.103444
0.122056	0.0911963
0.123284	0.0958764
0.124512	0.100298
0.125739	0.0978043
0.126967	0.101517
0.128195	0.0936111
0.129423	0.0979651
0.130651	0.10326
0.131879	0.0869402
0.133107	0.0899602
0.134334	0.0907505
0.135562	0.0854675
0.13679	0.085781
0.138018	0.0963711
0.139246	0.0946951
0.140474	0.0949302
0.141701	0.0917299
0.142929	0.0992892
0.144157	0.0942819
0.145385	0.0887366
0.146613	0.0931563
0.147841	0.0959602
0.149068	0.0942873
0.150296	0.0894057
0.151524	0.0894741
0.152752	0.0931953
0.15398	0.0920221
0.155208	0.0901866
0.156435	0.0960582
0.157663	0.096724
0.158891	0.103898
0.160119	0.100832
0.161346	0.0952015
0.162574	0.0910423
0.163802	0.089538
0.16503	0.0892436
0.166258	0.0906985
0.167485	0.0872395
0.168713	0.0956431
0.169941	0.090019
0.171169	0.089956
0.172396	0.0833235
0.173624	0.0758042
0.174852	0.074587
0.17608	0.0862384
0.177307	0.0887466
0.178535	0.0891932
0.179763	0.0892358
0.18099	0.0949823
0.182218	0.0963516
0.183446	0.0962148
0.184674	0.0972671
0.185901	0.0855337
0.187129	0.0894868
0.188357	0.0904036
0.189584	0.0924179
0.190812	0.0944735
0.19204	0.0964127
0.193267	0.0905063
0.194495	0.0949646
0.195723	0.0939563
0.19695	0.0926408
0.198178	0.0838762
0.199406	0.0813599
0.200633	0.092162
0.201861	0.0949383
0.203089	0.101778
0.204316	0.0931183
0.205544	0.102413
0.206772	0.0938988
0.207999	0.096073
0.209227	0.098111
0.210454	0.102546
0.211682	0.102856
0.21291	0.0988104
0.214137	0.0997612
0.215365	0.0992104
0.216592	0.106506
0.21782	0.0992054
0.219048	0.101196
0.220275	0.0993684
0.221503	0.0969164
0.22273	0.0909485
0.223958	0.104353
0.225185	0.0989589
0.226413	0.101132
0.227641	0.0985178
0.228868	0.100894
0.230096	0.0973151
0.231323	0.101589
0.232551	0.100329
0.233778	0.102761
0.235006	0.105828
0.236233	0.0947313
0.237461	0.0954692
0.238688	0.0988158
0.239916	0.100231
0.241143	0.10844
0.242371	0.11046
0.243598	0.104922
0.244826	0.109062
0.246053	0.102807
0.24728	0.104428
0.248508	0.113463
0.249735	0.113962
0.250963	0.112623
0.25219	0.109578
0.253418	0.119172
0.254645	0.108527
0.255873	0.113505
0.2571	0.107053
0.258327	0.109392
0.259555	0.108426
0.260782	0.106316
0.26201	0.119796
0.263237	0.113006
0.264464	0.109914
0.265692	0.109854
0.266919	0.106848
0.268146	0.108349
0.269374	0.117285
0.270601	0.119554
0.271828	0.116072
0.273056	0.119231
0.274283	0.11761
0.27551	0.115896
0.276738	0.121519
0.277965	0.125651
0.279192	0.11743
0.28042	0.127838
0.281647	0.125761
0.282874	0.129595
0.284101	0.1254
0.285329	0.127337
0.286556	0.11974
0.287783	0.124366
0.289011	0.119869
0.290238	0.118116
0.291465	0.117214
0.292692	0.126329
0.293919	0.121506
0.295147	0.131103
0.296374	0.131391
0.297601	0.124799
0.298828	0.126807
0.300055	0.132446
0.301283	0.127296
0.30251	0.118215
0.303737	0.125684
0.304964	0.130722
0.306191	0.131471
0.307418	0.132565
0.308646	0.128415
0.309873	0.131491
0.3111	0.131831
0.312327	0.134404
0.313554	0.130903
0.314781	0.131796
0.316008	0.130242
0.317235	0.125335
0.318462	0.134554
0.31969	0.130409
0.320917	0.137995
0.322144	0.134725
0.323371	0.135903
0.324598	0.139347
0.325825	0.134027
0.327052	0.138341
0.328279	0.133907
0.329506	0.125957
0.330733	0.130186
0.33196	0.127408
0.333187	0.137864
0.334414	0.146829
0.335641	0.139125
0.336868	0.142343
0.338095	0.142907
0.339322	0.144805
0.340549	0.140445
0.341776	0.139878
0.343003	0.145567
0.34423	0.13692
0.345457	0.131996
0.346683	0.133376
0.34791	0.137232
0.349137	0.140678
0.350364	0.14834
0.351591	0.141748
0.352818	0.138716
0.354045	0.141655
0.355272	0.137097
0.356498	0.136491
0.357725	0.140219
0.358952	0.136874
0.360179	0.137388
0.361406	0.14323
0.362633	0.142877
0.363859	0.146207
0.365086	0.149161
0.366313	0.145542
0.36754	0.14861
0.368767	0.151397
0.369993	0.145389
0.37122	0.149043
0.372447	0.143911
0.373673	0.144434
0.3749	0.145136
0.376127	0.145287
0.377354	0.14579
0.37858	0.147726
0.379807	0.143007
0.381034	0.148208
0.38226	0.153701
0.383487	0.148687
0.384714	0.147126
0.38594	0.143699
0.387167	0.143617
0.388394	0.143049
0.38962	0.138161
0.390847	0.13978
0.392073	0.140779
0.3933	0.147777
0.394527	0.147055
0.395753	0.147517
0.39698	0.146205
0.398206	0.145649
0.399433	0.148789
0.400659	0.143621
0.401886	0.144738
0.403112	0.143144
0.404339	0.148162
0.405565	0.140211
0.406792	0.143224
0.408018	0.141402
0.409245	0.133182
0.410471	0.140861
0.411698	0.14466
0.412924	0.142312
0.414151	0.145842
0.415377	0.143341
0.416604	0.140757
0.41783	0.141443
0.419056	0.143264
0.420283	0.147905
0.421509	0.143933
0.422736	0.14285
0.423962	0.142554
0.425188	0.143385
0.426415	0.137086
0.427641	0.143832
0.428867	0.140243
0.430094	0.137267
0.43132	0.138482
0.432546	0.136788
0.433773	0.132268
0.434999	0.129903
0.436225	0.132335
0.437451	0.140874
0.438678	0.13583
0.439904	0.137019
0.44113	0.139506
0.442356	0.138296
0.443582	0.14035
0.444809	0.129224
0.446035	0.141616
0.447261	0.139243
0.448487	0.140243
0.449713	0.141569
0.450939	0.143277
0.452166	0.137558
0.453392	0.132795
0.454618	0.133398
0.455844	0.135925
0.45707	0.139205
0.458296	0.141606
0.459522	0.133763
0.460748	0.135892
0.461974	0.134894
0.4632	0.136202
0.464426	0.13475
0.465652	0.135306
0.466878	0.130508
0.468104	0.131198
0.46933	0.127778
0.470556	0.136136
0.471782	0.136357
0.473008	0.122394
0.474234	0.128723
0.47546	0.126447
0.476686	0.128025
0.477912	0.128474
0.479138	0.125643
0.480364	0.126566
0.48159	0.124979
0.482815	0.129352
0.484041	0.126285
0.485267	0.123439
0.486493	0.119276
0.487719	0.125999
0.488945	0.124223
0.49017	0.121369
0.491396	0.123537
0.492622	0.11893
0.493848	0.120751
0.495074	0.129391
0.496299	0.124774
0.497525	0.125524
0.498751	0.12226
0.499976	0.120075
0.501202	0.116207
0.502428	0.116077
0.503654	0.114721
0.504879	0.114171
0.506105	0.116083
0.507331	0.11503
0.508556	0.112954
0.509782	0.12177
0.511007	0.119899
0.512233	0.122601
0.513459	0.127767
0.514684	0.11734
0.51591	0.116021
0.517135	0.121301
0.518361	0.116696
0.519586	0.114823
0.520812	0.128202
0.522037	0.12122
0.523263	0.119786
0.524488	0.117506
0.525714	0.122276
0.526939	0.122553
0.528165	0.119552
0.52939	0.121826
0.530616	0.120433
0.531841	0.116874
0.533066	0.122238
0.534292	0.121413
0.535517	0.120296
0.536743	0.116351
0.537968	0.109415
0.539193	0.110281
0.540419	0.114355
0.541644	0.113888
0.542869	0.115476
0.544094	0.11207
0.54532	0.109213
0.546545	0.106505
0.54777	0.113201
0.548995	0.109892
0.550221	0.11633
0.551446	0.118909
0.552671	0.108335
0.553896	0.114755
0.555121	0.113157
0.556347	0.11321
0.557572	0.109748
0.558797	0.108946
0.560022	0.104727
0.561247	0.105097
0.562472	0.113851
0.563697	0.113347
0.564922	0.114753
0.566147	0.113273
0.567373	0.109319
0.568597	0.106726
0.569823	0.106081
0.571047	0.111002
0.572272	0.103768
0.573497	0.112627
0.574723	0.111712
0.575947	0.112556
0.577172	0.104654
0.578397	0.106283
0.579622	0.107426
0.580847	0.104887
0.582072	0.107259
0.583297	0.101402
0.584522	0.0986263
0.585747	0.103053
0.586971	0.102544
0.588196	0.104301
0.589421	0.102623
0.590646	0.106535
0.591871	0.104734
0.593095	0.108505
0.59432	0.103498
0.595545	0.106092
0.59677	0.112815
0.597994	0.110136
0.599219	0.109361
0.600444	0.112007
0.601668	0.105609
0.602893	0.104177
0.604118	0.110008
0.605342	0.116183
0.606567	0.105355
0.607792	0.114315
0.609016	0.102162
0.610241	0.100846
0.611465	0.10085
0.61269	0.0993579
0.613915	0.103016
0.615139	0.107703
0.616364	0.103636
0.617588	0.104866
0.618812	0.1121
0.620037	0.106932
0.621261	0.10744
0.622486	0.106472
0.62371	0.1041
0.624935	0.099929
0.626159	0.102449
0.627383	0.096424
0.628608	0.0947629
0.629832	0.0915553
0.631057	0.0996877
0.632281	0.105099
0.633505	0.104131
0.634729	0.102335
0.635954	0.105865
0.637178	0.0961222
0.638402	0.106241
0.639626	0.106329
0.640851	0.107618
0.642075	0.105752
0.643299	0.103254
0.644523	0.106239
0.645747	0.104615
0.646972	0.102251
0.648196	0.103792
0.64942	0.103777
0.650644	0.103319
0.651868	0.10296
0.653092	0.105965
0.654316	0.105574
0.65554	0.0990508
0.656764	0.101171
0.657988	0.102242
0.659212	0.102059
0.660436	0.100876
0.66166	0.109781
0.662884	0.0991124
0.664108	0.0997366
0.665332	0.107075
0.666556	0.0943384
0.66778	0.0957114
0.669004	0.101711
0.670228	0.1024
0.671452	0.101621
0.672675	0.10076
0.673899	0.105401
0.675123	0.111519
0.676347	0.104333
0.677571	0.105336
0.678794	0.108829
0.680018	0.102209
0.681242	0.104661
0.682466	0.105927
0.683689	0.100803
0.684913	0.0968203
0.686137	0.106083
0.68736	0.102544
0.688584	0.10062
0.689808	0.101958
0.691031	0.107165
0.692255	0.101739
0.693478	0.103842
0.694702	0.0986245
0.695925	0.101457
0.697149	0.0996664
0.698372	0.0932183
0.699596	0.106017
0.700819	0.107714
0.702043	0.101215
0.703266	0.108321
0.70449	0.10138
0.705713	0.102372
0.706937	0.103099
0.70816	0.102453
0.709383	0.106818
0.710607	0.102656
0.71183	0.105179
0.713053	0.110467
0.714277	0.105696
0.7155	0.101359
0.716723	0.100308
0.717947	0.101525
0.71917	0.105315
0.720393	0.106097
0.721616	0.0970396
0.722839	0.104005
0.724062	0.105218
0.725286	0.108089
0.726509	0.107065
0.727732	0.108577
0.728955	0.107683
0.730178	0.112507
0.731401	0.103374
0.732624	0.0997501
0.733847	0.106134
0.73507	0.104796
0.736293	0.107269
0.737516	0.107146
0.738739	0.106136
0.739962	0.104505
0.741185	0.109591
0.742408	0.10531
0.743631	0.100073
0.744854	0.107086
0.746077	0.105063
0.7473	0.104039
0.748522	0.10424
0.749745	0.105369
0.750968	0.107432
0.752191	0.106339
0.753414	0.1124
0.754636	0.115262
0.755859	0.115741
0.757082	0.111688
0.758305	0.109078
0.759527	0.114557
0.76075	0.10794
0.761973	0.113835
0.763195	0.111883
0.764418	0.113466
0.76564	0.114766
0.766863	0.11075
0.768086	0.114894
0.769308	0.108782
0.770531	0.105467
0.771753	0.115681
0.772976	0.111276
0.774198	0.112824
0.775421	0.115092
0.776643	0.104805
0.777865	0.11243
0.779088	0.110753
0.78031	0.111174
0.781533	0.114376
0.782755	0.118489
0.783977	0.116977
0.7852	0.123129
0.786422	0.12279
0.787644	0.117927
0.788866	0.11384
0.790089	0.114757
0.791311	0.110093
0.792533	0.113014
0.793755	0.109312
0.794978	0.114189
0.7962	0.11277
0.797422	0.117367
0.798644	0.120507
0.799866	0.109136
0.801088	0.112665
0.80231	0.112615
0.803532	0.117249
0.804754	0.117547
0.805976	0.118646
0.807198	0.118659
0.80842	0.121894
0.809642	0.11872
0.810864	0.118336
0.812086	0.116123
0.813308	0.1172
0.81453	0.11923
0.815752	0.120314
0.816973	0.120361
0.818195	0.123846
0.819417	0.129196
0.820639	0.124123
0.821861	0.124584
0.823082	0.115402
0.824304	0.119043
0.825526	0.118338
0.826748	0.118426
0.827969	0.123424
0.829191	0.125517
0.830413	0.126614
0.831634	0.126849
0.832856	0.128218
0.834077	0.12635
0.835299	0.12399
0.836521	0.128095
0.837742	0.12827
0.838964	0.127693
0.840185	0.124038
0.841407	0.12615
0.842628	0.125303
0.843849	0.127092
0.845071	0.127745
0.846292	0.124853
0.847514	0.124199
0.848735	0.128673
0.849956	0.123476
0.851178	0.122215
0.852399	0.122655
0.85362	0.128899
0.854841	0.128198
0.856063	0.131617
0.857284	0.128353
0.858505	0.129519
0.859726	0.124251
0.860947	0.125803
0.862168	0.129193
0.86339	0.130817
0.864611	0.124181
0.865832	0.123305
0.867053	0.129075
0.868274	0.129113
0.869495	0.128678
0.870716	0.127638
0.871937	0.125016
0.873158	0.130307
0.874379	0.131068
0.8756	0.134808
0.876821	0.134163
0.878042	0.137874
0.879262	0.13235
0.880483	0.13141
0.881704	0.137772
0.882925	0.131017
0.884146	0.130219
0.885366	0.131941
0.886587	0.136629
0.887808	0.130055
0.889029	0.135754
0.890249	0.135633
0.89147	0.13639
0.892691	0.136008
0.893911	0.137883
0.895132	0.130831
0.896352	0.142126
0.897573	0.143512
0.898794	0.141884
0.900014	0.139984
0.901234	0.14163
0.902455	0.141379
0.903675	0.136341
0.904896	0.140728
0.906116	0.138928
0.907337	0.143322
0.908557	0.144836
0.909778	0.145292
0.910998	0.14392
0.912218	0.138533
0.913438	0.140564
0.914659	0.143503
0.915879	0.144373
0.917099	0.144446
0.918319	0.144237
0.91954	0.140327
0.92076	0.14382
0.92198	0.147233
0.9232	0.152131
0.92442	0.153776
0.92564	0.148911
0.92686	0.14815
0.92808	0.144911
0.9293	0.148001
0.93052	0.144269
0.93174	0.146871
0.93296	0.146533
0.93418	0.14818
0.9354	0.150277
0.93662	0.150786
0.93784	0.148578
0.93906	0.148042
0.94028	0.154245
0.941499	0.154039
0.942719	0.156794
0.943939	0.156008
0.945159	0.153555
0.946378	0.152759
0.947598	0.152059
0.948818	0.154695
0.950037	0.158042
0.951257	0.155768
0.952477	0.156983
0.953696	0.155205
0.954916	0.156511
0.956135	0.161383
0.957355	0.160964
0.958574	0.161751
0.959794	0.1633
0.961013	0.165709
0.962233	0.16512
0.963452	0.163398
0.964672	0.167937
0.965891	0.167167
0.96711	0.161225
0.96833	0.170811
0.969549	0.171368
0.970768	0.171007
0.971988	0.176845
0.973207	0.170471
0.974426	0.168759
0.975645	0.172007
0.976864	0.170567
0.978084	0.16898
0.979303	0.172017
0.980522	0.178587
0.981741	0.175112
0.98296	0.184773
0.984179	0.175044
0.985398	0.174797
0.986617	0.173559
0.987836	0.170774
0.989055	0.176768
0.990274	0.177429
0.991493	0.176478
0.992712	0.17277
0.993931	0.176322
0.995149	0.179116
0.996368	0.174941
0.997587	0.179479
0.998806	0.177994
1.00002	0.182008
1.00124	0.177618
1.00246	0.184245
1.00368	0.187282
1.0049	0.183046
1.00612	0.182281
1.00734	0.182876
1.00855	0.185061
1.00977	0.1834
1.01099	0.183116
1.01221	0.187823
1.01343	0.188421
1.01465	0.186353
1.01587	0.189173
1.01709	0.194728
1.0183	0.193387
1.01952	0.189661
1.02074	0.193808
1.02196	0.198699
1.02318	0.19526
1.02439	0.190641
1.02561	0.195903
1.02683	0.200824
1.02805	0.195911
1.02927	0.190296
1.03049	0.193115
1.0317	0.196924
1.03292	0.195974
1.03414	0.196071
1.03536	0.198118
1.03658	0.197546
1.0378	0.20466
1.03901	0.202387
1.04023	0.203897
1.04145	0.203351
1.04267	0.207352
1.04388	0.203951
1.0451	0.204269
1.04632	0.204958
1.04754	0.197663
1.04876	0.200835
1.04997	0.199169
1.05119	0.202003
1.05241	0.203427
1.05363	0.199427
1.05485	0.203658
1.05606	0.207953
1.05728	0.20765
1.0585	0.205315
1.05972	0.208514
1.06093	0.208384
1.06215	0.208205
1.06337	0.209142
1.06458	0.211248
1.0658	0.205336
1.06702	0.208993
1.06824	0.214271
1.06946	0.212728
1.07067	0.210255
1.07189	0.214027
1.07311	0.218389
1.07433	0.216946
1.07554	0.219173
1.07676	0.21973
1.07798	0.216309
1.07919	0.217114
1.08041	0.226991
1.08163	0.22364
1.08285	0.22153
1.08406	0.222184
1.08528	0.229734
1.0865	0.224418
1.08771	0.226941
1.08893	0.223541
1.09015	0.227948
1.09136	0.231353
1.09258	0.231645
1.0938	0.229121
1.09502	0.227918
1.09623	0.230729
1.09745	0.230221
1.09867	0.228597
1.09988	0.229637
1.1011	0.23438
1.10232	0.231161
1.10353	0.237092
1.10475	0.233339
1.10597	0.234682
1.10718	0.238149
1.1084	0.237297
1.10962	0.235682
1.11083	0.242088
1.11205	0.237262
1.11327	0.237002
1.11448	0.240616
1.1157	0.240906
1.11692	0.244154
1.11813	0.243368
1.11935	0.245669
1.12056	0.24361
1.12178	0.243731
1.123	0.244003
1.12421	0.245728
1.12543	0.250423
1.12665	0.248067
1.12786	0.243966
1.12908	0.244636
1.13029	0.243234
1.13151	0.251438
1.13273	0.247598
1.13394	0.246882
1.13516	0.250968
1.13637	0.252506
1.13759	0.255194
1.13881	0.259638
1.14002	0.252658
1.14124	0.255794
1.14246	0.254863
1.14367	0.255378
1.14489	0.254303
1.1461	0.258398
1.14732	0.256482
1.14853	0.258081
1.14975	0.261841
1.15097	0.260185
1.15218	0.261185
1.1534	0.261359
1.15461	0.261755
1.15583	0.259708
1.15704	0.260699
1.15826	0.266725
1.15948	0.261972
1.16069	0.261974
1.16191	0.263898
1.16312	0.266297
1.16434	0.263756
1.16555	0.263191
1.16677	0.265031
1.16798	0.26102
1.1692	0.267879
1.17041	0.266414
1.17163	0.267959
1.17284	0.267621
1.17406	0.26711
1.17527	0.266665
1.17649	0.272393
1.17771	0.267582
1.17892	0.264475
1.18013	0.273298
1.18135	0.269889
1.18256	0.278066
1.18378	0.276126
1.185	0.273706
1.18621	0.274763
1.18743	0.275996
1.18864	0.276597
1.18986	0.276776
1.19107	0.277255
1.19228	0.277438
1.1935	0.278716
1.19471	0.275961
1.19593	0.280131
1.19714	0.27928
1.19836	0.274221
1.19957	0.277252
1.20079	0.278935
1.202	0.276941
1.20322	0.278206
1.20443	0.281931
1.20565	0.276406
1.20686	0.278684
1.20808	0.279807
1.20929	0.28279
1.2105	0.27829
1.21172	0.28102
1.21293	0.27906
1.21415	0.281029
1.21536	0.281466
1.21658	0.278198
1.21779	0.277518
1.219	0.281236
1.22022	0.278572
1.22143	0.280733
1.22265	0.287079
1.22386	0.289769
1.22507	0.286329
1.22629	0.284463
1.2275	0.286041
1.22872	0.283705
1.22993	0.283317
1.23114	0.280831
1.23236	0.28217
1.23357	0.285076
1.23479	0.287902
1.236	0.288407
1.23721	0.28767
1.23843	0.27987
1.23964	0.291229
1.24086	0.287274
1.24207	0.283833
1.24328	0.287519
1.2445	0.287411
1.24571	0.288603
1.24692	0.28487
1.24814	0.288219
1.24935	0.284896
1.25056	0.288316
1.25178	0.293871
1.25299	0.288568
1.2542	0.291123
1.25542	0.288745
1.25663	0.292123
1.25784	0.290686
1.25906	0.297796
1.26027	0.293211
1.26148	0.291679
1.2627	0.289646
1.26391	0.28659
1.26512	0.289145
1.26634	0.289336
1.26755	0.286649
1.26876	0.283935
1.26998	0.283675
1.27119	0.289694
1.2724	0.296062
1.27361	0.292489
1.27483	0.294031
1.27604	0.297019
1.27725	0.2966
1.27847	0.288749
1.27968	0.288291
1.28089	0.291079
1.2821	0.290286
1.28332	0.285595
1.28453	0.285625
1.28574	0.285889
1.28696	0.287421
1.28817	0.290523
1.28938	0.286213
1.29059	0.286144
1.2918	0.281904
1.29302	0.288272
1.29423	0.289938
1.29544	0.285575
1.29665	0.282625
1.29787	0.289938
1.29908	0.283072
1.30029	0.281315
1.3015	0.285445
1.30272	0.291212
1.30393	0.289636
1.30514	0.288712
1.30635	0.281332
1.30756	0.284792
1.30878	0.288305
1.30999	0.281592
1.3112	0.279775
1.31241	0.284766
1.31363	0.282286
1.31484	0.284621
1.31605	0.283987
1.31726	0.283818
1.31847	0.287506
1.31969	0.286847
1.3209	0.284037
1.32211	0.278516
1.32332	0.281289
1.32453	0.280189
1.32574	0.278642
1.32696	0.279665
1.32817	0.275193
1.32938	0.279324
1.33059	0.281115
1.3318	0.277504
1.33301	0.280359
1.33422	0.27994
1.33544	0.280818
1.33665	0.277513
1.33786	0.274586
1.33907	0.273741
1.34028	0.280375
1.34149	0.282863
1.3427	0.283584
1.34392	0.285545
1.34513	0.274833
1.34634	0.275159
1.34755	0.274875
1.34876	0.269509
1.34997	0.272641
1.35118	0.27247
1.35239	0.272406
1.3536	0.274691
1.35481	0.273976
1.35603	0.274938
1.35724	0.272817
1.35845	0.270398
1.35966	0.271396
1.36087	0.270446
1.36208	0.267236
1.36329	0.268155
1.3645	0.264911
1.36571	0.263315
1.36692	0.269448
1.36813	0.268183
1.36934	0.266083
1.37055	0.267091
1.37177	0.266668
1.37297	0.264257
1.37419	0.265294
1.3754	0.259375
1.37661	0.258303
1.37782	0.266869
1.37903	0.268182
1.38024	0.266203
1.38145	0.262822
1.38266	0.263386
1.38387	0.267189
1.38508	0.259929
1.38629	0.256855
1.3875	0.258268
1.38871	0.257137
1.38992	0.256809
1.39113	0.262975
1.39234	0.262984
1.39355	0.258955
1.39476	0.257891
1.39597	0.254643
1.39718	0.257532
1.39839	0.257746
1.3996	0.263457
1.40081	0.263359
1.40202	0.258524
1.40323	0.25239
1.40444	0.252825
1.40565	0.248639
1.40686	0.248498
1.40807	0.248588
1.40928	0.252802
1.41049	0.252048
1.41169	0.251078
1.4129	0.254915
1.41411	0.254484
1.41532	0.249703
1.41653	0.24695
1.41774	0.246264
1.41895	0.249919
1.42016	0.244469
1.42137	0.241733
1.42258	0.238885
1.42379	0.244609
1.425	0.245561
1.42621	0.240839
1.42742	0.240998
1.42862	0.242608
1.42983	0.24019
1.43104	0.244758
1.43225	0.244865
1.43346	0.243113
1.43467	0.245246
1.43588	0.237098
1.43709	0.239346
1.43829	0.237764
1.4395	0.239923
1.44071	0.237421
1.44192	0.234068
1.44313	0.233838
1.44434	0.23186
1.44555	0.230008
1.44676	0.232258
1.44796	0.228798
1.44917	0.231807
1.45038	0.232114
1.45159	0.23217
1.4528	0.225973
1.45401	0.230571
1.45521	0.230043
1.45642	0.231239
1.45763	0.229478
1.45884	0.221387
1.46005	0.22381
1.46126	0.21934
1.46246	0.224684
1.46367	0.224468
1.46488	0.22569
1.46609	0.224368
1.4673	0.221157
1.4685	0.218695
1.46971	0.217312
1.47092	0.215589
1.47213	0.217271
1.47333	0.219979
1.47454	0.219563
1.47575	0.214635
1.47696	0.216315
1.47817	0.220253
1.47937	0.222015
1.48058	0.220707
1.48179	0.214483
1.483	0.214679
1.4842	0.212363
1.48541	0.209181
1.48662	0.213995
1.48783	0.212075
1.48903	0.215239
1.49024	0.21052
1.49145	0.211065
1.49266	0.207338
1.49386	0.211489
1.49507	0.208775
1.49628	0.20945
1.49748	0.208066
1.49869	0.204408
1.4999	0.204778
1.5011	0.205258
1.50231	0.204034
1.50352	0.200579
1.50473	0.203422
1.50593	0.201492
1.50714	0.203286
1.50835	0.201313
1.50955	0.194631
1.51076	0.198147
1.51197	0.197244
1.51317	0.198335
1.51438	0.1978
1.51559	0.197735
1.51679	0.200333
1.518	0.199308
1.51921	0.198288
1.52041	0.199486
1.52162	0.202451
1.52282	0.193769
1.52403	0.194245
1.52524	0.193993
1.52644	0.194579
1.52765	0.191043
1.52886	0.189121
1.53006	0.191063
1.53127	0.189278
1.53248	0.190786
1.53368	0.18744
1.53489	0.187987
1.53609	0.18694
1.5373	0.188367
1.53851	0.189958
1.53971	0.186395
1.54092	0.185286
1.54212	0.18597
1.54333	0.185783
1.54454	0.18368
1.54574	0.182447
1.54695	0.180674
1.54815	0.176578
1.54936	0.180986
1.55056	0.180524
1.55177	0.18761
1.55297	0.182803
1.55418	0.180765
1.55539	0.178892
1.55659	0.179504
1.5578	0.179001
1.559	0.178578
1.56021	0.174975
1.56141	0.172456
1.56262	0.173724
1.56382	0.171804
1.56503	0.173577
1.56623	0.174159
1.56744	0.17114
1.56864	0.170594
1.56985	0.168087
1.57105	0.169864
1.57226	0.167169
1.57346	0.171341
1.57467	0.166541
1.57587	0.166079
1.57708	0.1659
1.57828	0.163537
1.57949	0.165819
1.58069	0.163139
1.5819	0.162475
1.5831	0.162962
1.58431	0.158627
1.58551	0.1647
1.58672	0.165012
1.58792	0.162911
1.58912	0.162994
1.59033	0.16318
1.59153	0.160377
1.59274	0.158752
1.59394	0.159544
1.59515	0.160153
1.59635	0.158347
1.59755	0.161521
1.59876	0.155328
1.59996	0.15512
1.60117	0.15328
1.60237	0.156914
1.60358	0.150165
1.60478	0.155336
1.60598	0.154354
1.60719	0.152895
1.60839	0.150801
1.60959	0.153245
1.6108	0.155636
1.612	0.152219
1.61321	0.153479
1.61441	0.152076
1.61561	0.152044
1.61682	0.15005
1.61802	0.144626
1.61922	0.137531
1.62043	0.144235
1.62163	0.145129
1.62283	0.1448
1.62404	0.147967
1.62524	0.144294
1.62644	0.14703
1.62765	0.147314
1.62885	0.147425
1.63006	0.143348
1.63126	0.146654
1.63246	0.141054
1.63366	0.140778
1.63487	0.141911
1.63607	0.142445
1.63727	0.143419
1.63848	0.139197
1.63968	0.138849
1.64088	0.134079
1.64209	0.135705
1.64329	0.139216
1.64449	0.136745
1.64569	0.138944
1.6469	0.134123
1.6481	0.13792
1.6493	0.138353
1.6505	0.138269
1.65171	0.137934
1.65291	0.135725
1.65411	0.135095
1.65531	0.13688
1.65652	0.131195
1.65772	0.130686
1.65892	0.132317
1.66012	0.127963
1.66133	0.131823
1.66253	0.132894
1.66373	0.130358
1.66493	0.133698
1.66613	0.132065
1.66734	0.130885
1.66854	0.13046
1.66974	0.128498
1.67094	0.131563
1.67214	0.131195
1.67335	0.127458
1.67455	0.127428
1.67575	0.12461
1.67695	0.120768
1.67815	0.1247
1.67935	0.123275
1.68056	0.124352
1.68176	0.123807
1.68296	0.127595
1.68416	0.123619
1.68536	0.126862
1.68656	0.125513
1.68777	0.125241
1.68897	0.12535
1.69017	0.122332
1.69137	0.124107
1.69257	0.122563
1.69377	0.122378
1.69497	0.121548
1.69617	0.122751
1.69737	0.119677
1.69858	0.118434
1.69978	0.117646
1.70098	0.116208
1.70218	0.120901
1.70338	0.114444
1.70458	0.1146
1.70578	0.111407
1.70698	0.114395
1.70818	0.112191
1.70938	0.116512
1.71059	0.112173
1.71179	0.112068
1.71299	0.114449
1.71419	0.111108
1.71539	0.11433
1.71659	0.111503
1.71779	0.110621
1.71899	0.112334
1.72019	0.115433
1.72139	0.112255
1.72259	0.108071
1.72379	0.110421
1.72499	0.116887
1.72619	0.11237
1.72739	0.109599
1.72859	0.11077
1.72979	0.105839
1.73099	0.108051
1.73219	0.108317
1.73339	0.107552
1.73459	0.107261
1.73579	0.107449
1.73699	0.108136
1.73819	0.103952
1.73939	0.108755
1.74059	0.108478
1.74179	0.106725
1.74299	0.10212
1.74419	0.103777
1.74539	0.103272
1.74659	0.103266
1.74779	0.102751
1.74899	0.0994606
1.75019	0.0978942
1.75139	0.102106
1.75258	0.0990461
1.75378	0.0992958
1.75498	0.100667
1.75618	0.103231
1.75738	0.0962667
1.75858	0.0996128
1.75978	0.0967876
1.76098	0.0964474
1.76218	0.0929595
1.76338	0.0950514
1.76458	0.0893239
1.76577	0.0903151
1.76697	0.0912391
1.76817	0.090662
1.76937	0.093061
1.77057	0.0913705
1.77177	0.0875913
1.77297	0.0828545
1.77417	0.0981538
1.77536	0.0901955
1.77656	0.0893764
1.77776	0.0853377
1.77896	0.0920802
1.78016	0.0895273
1.78136	0.0885856
1.78255	0.090706
1.78375	0.0857268
1.78495	0.0863075
1.78615	0.0833559
1.78735	0.0811463
1.78854	0.0878576
1.78974	0.0892188
1.79094	0.0890082
1.79214	0.0824106
1.79334	0.0795469
1.79454	0.0797729
1.79573	0.07995
1.79693	0.0848236
1.79813	0.0883962
1.79933	0.0784352
1.80052	0.0856534
1.80172	0.084661
1.80292	0.094164
1.80412	0.0879192
1.80531	0.087416
1.80651	0.0848168
1.80771	0.0823249
1.80891	0.0742298
1.8101	0.0746248
1.8113	0.0811268
1.8125	0.0706735
1.8137	0.080552
1.81489	0.0836748
1.81609	0.0832839
1.81729	0.0772095
1.81849	0.0814077
1.81968	0.0908617
1.82088	0.0829161
1.82208	0.0902566
1.82327	0.0847112
1.82447	0.0816201
1.82567	0.0820935
1.82686	0.0848766
1.82806	0.0832636
1.82926	0.081366
1.83045	0.0777806
1.83165	0.0740015
1.83285	0.0804954
1.83404	0.0762061
1.83524	0.0756662
1.83644	0.0759502
1.83763	0.0684059
1.83883	0.0719427
1.84003	0.0707781
1.84122	0.0685843
1.84242	0.0702699
1.84361	0.0764761
1.84481	0.088836
1.84601	0.0810792
1.8472	0.0847429
1.8484	0.079217
1.8496	0.0782608
1.85079	0.0751797
1.85199	0.0790345
1.85318	0.0675326
1.85438	0.0652798
1.85557	0.0673146
1.85677	0.0741927
1.85797	0.0743362
1.85916	0.0683719
1.86036	0.0606246
1.86155	0.0606582
1.86275	0.0644283
1.86394	0.0682283
1.86514	0.0633008
