MATERIAL INFORMATION
	Material = 33% iodine on King Arthur parchment
	Thickness = 0.006 mm
SAXS INSTRUMENT
	Source = Cu K-alpha
	Wavelength = 1.5418 A 
	Sample-to-detector distance = 106 mm
	Exposure time = 500 s

===============================================================
q (A^-1)	I(q)
===============================================================
0.00203935	3.84759
0.00327789	3.29368
0.00451643	3.04543
0.00575497	1.52005
0.00699351	-0.919129
0.00823205	-1.81401
0.00947059	-3.24016
0.0107091	-5.25721
0.0119477	-7.01822
0.0131862	-6.00233
0.0144248	-3.62816
0.0156633	-1.29734
0.0169018	0.487279
0.0181404	-0.266276
0.0193789	-0.736835
0.0206174	-0.936427
0.021856	-0.469619
0.0230945	-0.92522
0.0243331	-1.34258
0.0255716	-1.41979
0.0268101	-1.01516
0.0280487	-0.393854
0.0292872	-1.28168
0.0305257	-5.41278
0.0317643	-9.72225
0.0330028	-11.1488
0.0342413	-9.69393
0.0354799	-5.36054
0.0367184	-1.17868
0.0379569	-0.177577
0.0391954	-0.419428
0.040434	0.020081
0.0416725	0.570284
0.042911	0.653305
0.0441495	0.544632
0.045388	0.663586
0.0466266	0.59146
0.0478651	0.630904
0.0491036	0.53513
0.0503421	0.526063
0.0515806	0.697861
0.0528192	0.602982
0.0540577	0.303931
0.0552962	0.622632
0.0565347	0.876873
0.0577732	1.68711
0.0590117	1.85487
0.0602502	2.13571
0.0614887	2.15174
0.0627272	2.1425
0.0639657	2.13863
0.0652042	1.7009
0.0664427	1.82834
0.0676812	1.7942
0.0689197	1.82497
0.0701582	1.43622
0.0713967	1.96534
0.0726352	1.9185
0.0738737	2.38986
0.0751122	1.74473
0.0763507	1.90271
0.0775892	2.13074
0.0788277	1.73386
0.0800662	1.56506
0.0813046	1.41197
0.0825431	1.03048
0.0837816	1.29824
0.0850201	1.29646
0.0862585	1.33656
0.087497	1.32808
0.0887355	1.11016
0.0899739	1.37562
0.0912124	1.55838
0.0924509	1.66949
0.0936893	1.30615
0.0949278	1.08609
0.0961662	0.857214
0.0974047	0.858582
0.0986431	0.682987
0.0998816	0.971408
0.10112	0.968184
0.102358	0.689676
0.103597	0.720113
0.104835	1.05022
0.106074	0.748203
0.107312	0.66367
0.108551	0.155959
0.109789	0.694698
0.111027	0.601953
0.112266	0.619585
0.113504	0.403011
0.114743	0.738889
0.115981	0.640526
0.11722	0.712568
0.118458	0.687761
0.119696	0.941759
0.120935	0.627613
0.122173	0.696021
0.123412	0.429623
0.12465	0.483473
0.125888	0.370867
0.127127	0.503795
0.128365	0.831344
0.129604	0.701454
0.130842	0.719282
0.13208	0.550682
0.133319	0.634437
0.134557	0.7084
0.135796	0.588575
0.137034	0.902428
0.138272	0.381388
0.139511	0.703428
0.140749	0.362733
0.141987	0.351988
0.143226	0.542906
0.144464	0.708406
0.145702	0.826242
0.146941	0.877542
0.148179	0.558764
0.149417	0.404395
0.150656	0.713299
0.151894	0.534398
0.153132	0.615519
0.154371	0.613318
0.155609	0.694674
0.156847	0.712601
0.158086	0.68992
0.159324	0.641758
0.160562	0.581077
0.1618	0.564249
0.163039	0.597993
0.164277	0.566384
0.165515	0.600442
0.166754	0.795129
0.167992	0.569452
0.16923	0.769781
0.170469	0.217148
0.171707	0.436182
0.172945	0.656854
0.174183	0.205809
0.175422	0.304251
0.17666	0.551186
0.177898	-0.325116
0.179136	0.186202
0.180374	0.281173
0.181613	0.377244
0.182851	0.435352
0.184089	0.423497
0.185327	0.39168
0.186566	0.842399
0.187804	0.335509
0.189042	0.255982
0.19028	0.178428
0.191518	0.151368
0.192757	0.14489
0.193995	0.171934
0.195233	0.124572
0.196471	0.170318
0.197709	0.188143
0.198948	0.0323709
0.200186	0.205941
0.201424	0.218523
0.202662	0.219233
0.2039	0.256858
0.205138	0.260654
0.206377	0.29301
0.207615	0.264792
0.208853	-0.245029
0.210091	0.0417307
0.211329	0.0707899
0.212567	0.337275
0.213805	0.483936
0.215043	0.282758
0.216282	-0.0303155
0.21752	0.156684
0.218758	0.311088
0.219996	0.195742
0.221234	0.224739
0.222472	0.189487
0.22371	0.264722
0.224948	0.353545
0.226186	0.44024
0.227424	0.141878
0.228662	0.618304
0.2299	0.149924
0.231138	0.190581
0.232376	0.558133
0.233615	0.251401
0.234852	0.357504
0.236091	0.176776
0.237329	0.34392
0.238567	0.193336
0.239805	0.151446
0.241043	0.230413
0.242281	0.034905
0.243519	-0.0661424
0.244757	0.576492
0.245995	0.26458
0.247233	0.102277
0.24847	0.220447
0.249709	0.300613
0.250946	0.188693
0.252184	0.190484
0.253422	-0.00522972
0.25466	0.0776101
0.255898	0.28532
0.257136	-0.00852791
0.258374	-0.0176965
0.259612	0.0898295
0.26085	0.0433376
0.262088	-0.143193
0.263326	0.079857
0.264564	0.174043
0.265801	0.0372524
0.267039	0.0758863
0.268277	0.252416
0.269515	0.409457
0.270753	0.162569
0.271991	0.190312
0.273229	-0.0810046
0.274467	-0.153277
0.275704	-0.0411599
0.276942	0.155548
0.27818	0.0736657
0.279418	-0.0340778
0.280656	0.0729379
0.281893	-0.0572756
0.283131	0.0202757
0.284369	0.0960996
0.285607	0.0412113
0.286845	0.129644
0.288082	-0.0834926
0.28932	0.129098
0.290558	0.189878
0.291796	0.136023
0.293033	0.0953147
0.294271	0.0578618
0.295509	0.030076
0.296746	-0.0323503
0.297984	-0.041024
0.299222	-0.0167267
0.30046	0.00212075
0.301697	0.0149156
0.302935	0.0721893
0.304173	0.0447842
0.30541	0.114487
0.306648	0.267827
0.307886	-0.0664714
0.309123	-0.00115755
0.310361	-0.0733053
0.311599	-0.0984781
0.312836	0.0986889
0.314074	-0.0782856
0.315312	-0.0737376
0.316549	0.0178965
0.317787	0.0651252
0.319024	0.119621
0.320262	0.0398591
0.321499	0.198154
0.322737	0.0203853
0.323975	0.580652
0.325212	0.0681488
0.32645	0.136011
0.327687	0.129775
0.328925	0.430058
0.330162	-0.146463
0.3314	-0.0229433
0.332637	-0.39191
0.333875	0.36163
0.335112	0.140164
0.33635	0.138255
0.337587	-0.125074
0.338825	-0.0455983
0.340062	-0.0327056
0.3413	0.149674
0.342537	-0.111401
0.343775	-0.00535485
0.345012	-0.00678325
0.346249	0.0378062
0.347487	0.0981968
0.348724	0.139295
0.349962	0.171931
0.351199	0.223829
0.352436	0.107408
0.353674	0.216272
0.354911	0.232919
0.356149	0.373271
0.357386	0.180301
0.358623	0.306085
0.359861	0.251355
0.361098	0.144638
0.362335	0.00541524
0.363573	-0.043889
0.36481	-0.0479267
0.366047	-0.554209
0.367285	-0.102742
0.368522	0.256416
0.369759	0.0492796
0.370996	0.055924
0.372234	-0.0275558
0.373471	0.106152
0.374708	0.0596509
0.375945	0.00688623
0.377183	0.00790405
0.37842	0.0350491
0.379657	0.0667666
0.380894	0.0397756
0.382131	-0.0340515
0.383369	-0.303065
0.384606	-0.0984174
0.385843	0.0578056
0.38708	0.0325693
0.388317	0.155248
0.389554	0.150491
0.390791	0.0248717
0.392028	0.0204161
0.393265	0.105177
0.394503	0.0286285
0.39574	0.11449
0.396977	-0.070792
0.398214	-0.105312
0.399451	-0.287191
0.400688	-0.177427
0.401925	-0.319473
0.403162	-0.172215
0.404399	0.058256
0.405636	0.0635354
0.406873	0.0749301
0.40811	-0.0561745
0.409347	0.560195
0.410584	0.120208
0.411821	0.125361
0.413058	-0.0207509
0.414295	-0.0278938
0.415532	-0.0519038
0.416769	-0.116293
0.418006	-0.025725
0.419243	0.0712793
0.42048	0.162375
0.421716	0.0886476
0.422953	0.183655
0.42419	0.0844285
0.425427	-0.00641438
0.426664	0.0645714
0.427901	0.0434998
0.429138	0.0367947
0.430374	0.171397
0.431611	-0.0418343
0.432848	0.0210388
0.434085	0.419084
0.435321	0.221229
0.436558	0.115315
0.437795	-0.0551113
0.439032	-0.187777
0.440269	-0.141496
0.441505	0.0107581
0.442742	-0.180045
0.443979	-0.285219
0.445215	-0.196457
0.446452	-0.091579
0.447689	-0.000126169
0.448925	-0.188332
0.450162	0.0259648
0.451399	-0.293668
0.452635	-0.400587
0.453872	-0.192564
0.455108	-0.286565
0.456345	-0.231883
0.457582	-0.0216301
0.458818	0.0603152
0.460055	-0.0304914
0.461291	0.13954
0.462528	0.044756
0.463765	-0.0300799
0.465001	-0.0387963
0.466238	0.116647
0.467474	0.122519
0.468711	0.139193
0.469947	-0.0974204
0.471183	0.0904611
0.47242	-0.0152241
0.473656	-0.0251512
0.474893	0.0397031
0.476129	-0.00640532
0.477366	-0.0372591
0.478602	-0.0433842
0.479839	0.0885379
0.481075	-0.0168709
0.482311	-0.116336
0.483548	-0.0167857
0.484784	0.04134
0.48602	-0.00462793
0.487257	0.0420315
0.488493	-0.00229231
0.489729	-0.0805253
0.490966	-0.0981029
0.492202	0.0119962
0.493438	-0.00390471
0.494675	0.10691
0.495911	-0.104097
0.497147	-0.0501156
0.498383	-0.110606
0.499619	-0.154887
0.500856	-0.196375
0.502092	-0.216945
0.503328	-0.312445
0.504564	-0.188783
0.5058	-0.134942
0.507037	-0.0349905
0.508273	0.393948
0.509509	0.478774
0.510745	0.0127847
0.511981	0.0446953
0.513217	0.0332944
0.514453	0.375974
0.515689	-0.124641
0.516925	-0.0743522
0.518161	0.019701
0.519397	0.135224
0.520633	0.0871675
0.521869	-0.0222582
0.523105	-0.142091
0.524341	-0.184718
0.525577	-0.105248
0.526813	-0.0431394
0.528049	-0.106396
0.529285	0.0161463
0.530521	0.054375
0.531757	-0.0656965
0.532993	-0.0220887
0.534229	-0.0282256
0.535465	-0.0457062
0.5367	-0.107994
0.537936	-0.189522
0.539172	-0.0868497
0.540408	-0.137817
0.541644	-0.0412062
0.542879	-0.0765754
0.544115	-0.0684781
0.545351	0.0609107
0.546587	0.577085
0.547823	-0.0625135
0.549058	-0.391158
0.550294	0.140558
0.55153	0.0911572
0.552766	0.128402
0.554001	-0.0416712
0.555237	-0.017344
0.556473	0.0425935
0.557708	-0.129095
0.558944	-0.0957383
0.560179	0.0212953
0.561415	0.0137391
0.562651	-0.445564
0.563886	0.0208031
0.565122	0.0276406
0.566357	-0.193745
0.567593	-0.185799
0.568828	-0.180903
0.570064	0.00598896
0.571299	0.00502278
0.572535	0.0341944
0.57377	0.0167019
0.575006	0.143575
0.576241	-0.318345
0.577477	-0.0606953
0.578712	-0.0837899
0.579948	-0.159484
0.581183	-0.19141
0.582418	0.354007
0.583654	-0.0830168
0.584889	-0.00178115
0.586124	-0.0379715
0.58736	-0.0879156
0.588595	-0.0864482
0.58983	-0.0783183
0.591066	-0.158548
0.592301	-0.163721
0.593536	-0.542946
0.594771	-0.56058
0.596007	-0.058986
0.597242	0.0925738
0.598477	0.0870741
0.599712	0.128184
0.600947	0.102087
0.602182	0.0699678
0.603418	0.0437382
0.604653	0.174429
0.605888	0.118819
0.607123	0.0559031
0.608358	-0.0322398
0.609593	-0.000443387
0.610828	-0.00883975
0.612063	0.0118874
0.613298	-0.153275
0.614533	-0.14223
0.615768	-0.14972
0.617003	-0.140276
0.618238	-0.0889062
0.619473	0.00574152
0.620708	-0.181193
0.621943	-0.0866866
0.623178	0.0405334
0.624413	-0.0767385
0.625648	-0.0278213
0.626883	0.462751
0.628118	-0.0239521
0.629352	-0.0111382
0.630587	0.118927
0.631822	0.103932
0.633057	-0.472362
0.634292	-0.0792029
0.635527	-0.0249944
0.636761	0.116133
0.637996	0.203603
0.639231	-0.11414
0.640466	-0.132366
0.6417	-0.0921383
0.642935	-0.0417654
0.64417	-0.0900845
0.645404	-0.133584
0.646639	-0.0252754
0.647873	-0.0670406
0.649108	-0.0395213
0.650343	0.022295
0.651577	0.0194772
0.652812	-0.135045
0.654046	-0.0960491
0.655281	-0.0298751
0.656516	0.130787
0.65775	-0.0958651
0.658985	-0.0160189
0.660219	-0.0468935
0.661454	-0.110437
0.662688	0.0303315
0.663922	-0.0287757
0.665157	-0.136226
0.666391	-0.117202
0.667625	-0.199498
0.66886	-0.122802
0.670094	-0.043686
0.671329	0.0340766
0.672563	0.13571
0.673797	0.167929
0.675032	0.137613
0.676266	0.064595
0.6775	-0.0784841
0.678734	-0.26901
0.679969	-0.0649479
0.681203	-0.0481742
0.682437	-0.120682
0.683671	-0.12063
0.684905	-0.158539
0.68614	-0.167379
0.687374	-0.105267
0.688608	0.0823593
0.689842	0.0515174
0.691076	0.10074
0.69231	0.145997
0.693544	0.12806
0.694778	0.102613
0.696012	0.111978
0.697246	0.114723
0.69848	0.160079
0.699714	0.212597
0.700948	0.336703
0.702182	0.223696
0.703416	0.0778711
0.70465	0.0383074
0.705884	0.103992
0.707118	0.0556548
0.708352	0.0870071
0.709585	-0.10951
0.710819	0.0134545
0.712053	-0.0904171
0.713287	0.0244086
0.714521	-0.463688
0.715754	-0.44081
0.716988	-0.000374489
0.718222	-0.0107186
0.719456	0.0182808
0.720689	0.118332
0.721923	-0.0514842
0.723157	0.0649512
0.72439	0.0325512
0.725624	0.0516017
0.726858	0.129319
0.728091	0.0972479
0.729325	0.0628304
0.730558	0.549637
0.731792	-0.0642264
0.733025	-0.142116
0.734259	-0.0437376
0.735492	-0.0106615
0.736726	-0.0103986
0.737959	0.0146355
0.739193	0.0564823
0.740426	0.0713654
0.74166	0.170653
0.742893	0.23146
0.744126	0.165114
0.74536	0.150889
0.746593	0.0439186
0.747826	0.022518
0.74906	-0.0183564
0.750293	0.120225
0.751526	0.130059
0.752759	0.0230318
0.753993	0.271314
0.755226	0.199525
0.756459	0.117601
0.757692	0.186197
0.758925	0.0867334
0.760159	0.0101627
0.761392	0.0524083
0.762625	0.0212255
0.763858	0.0310349
0.765091	0.0114914
0.766324	0.0715077
0.767557	0.00421887
0.76879	0.192769
0.770023	0.125109
0.771256	0.0372198
0.772489	0.0452382
0.773722	0.228361
0.774955	0.0338554
0.776188	0.082392
0.777421	-0.0343488
0.778654	-0.0094506
0.779887	-0.0233041
0.781119	0.0122763
0.782352	-0.0146331
0.783585	0.0839835
0.784818	0.0806101
0.786051	0.166983
0.787283	0.255486
0.788516	-0.016173
0.789749	0.0882515
0.790982	0.108278
0.792214	0.0223276
0.793447	0.00369953
0.79468	-0.0156237
0.795912	0.00995421
0.797145	-0.101785
0.798377	-0.0271334
0.79961	0.00145543
0.800843	0.0131282
0.802075	0.0902264
0.803308	0.0428527
0.80454	0.0999062
0.805773	0.544876
0.807005	0.183371
0.808238	0.0151938
0.80947	0.212524
0.810702	0.20446
0.811935	0.144725
0.813167	0.142544
0.8144	0.163752
0.815632	0.19035
0.816864	0.106236
0.818096	0.156808
0.819329	0.099598
0.820561	-0.00505303
0.821793	0.0362291
0.823025	-0.0119059
0.824258	0.0737663
0.82549	0.0207089
0.826722	0.0435107
0.827954	-0.00131708
0.829186	0.0672461
0.830418	0.156455
0.83165	0.0663823
0.832882	0.0937811
0.834114	0.0505748
0.835347	0.148065
0.836579	0.0412911
0.837811	0.103216
0.839043	0.0320527
0.840274	0.0378152
0.841506	0.126555
0.842738	0.0143844
0.84397	-0.0130171
0.845202	0.0226476
0.846434	0.0410944
0.847666	0.133263
0.848898	0.137679
0.850129	0.240261
0.851361	0.289335
0.852593	0.107973
0.853825	0.116655
0.855056	0.130373
0.856288	0.0904739
0.85752	0.103328
0.858751	0.0273107
0.859983	0.00190226
0.861215	0.00366601
0.862446	0.177261
0.863678	0.276871
0.864909	0.204898
0.866141	0.219971
0.867372	0.201289
0.868604	0.0756751
0.869835	0.076237
0.871067	0.081637
0.872298	0.0707011
0.87353	0.104454
0.874761	0.135462
0.875993	-0.0289633
0.877224	-0.0476458
0.878455	0.231554
0.879687	0.166126
0.880918	0.0236808
0.882149	0.148044
0.88338	0.236854
0.884612	0.222023
0.885843	0.255672
0.887074	0.205155
0.888305	0.177445
0.889536	0.0815192
0.890767	0.201624
0.891999	0.333365
0.89323	0.180154
0.894461	0.110682
0.895692	-0.00154366
0.896923	0.042463
0.898154	0.311316
0.899385	0.170583
0.900616	0.174361
0.901847	-0.338554
0.903078	0.147591
0.904308	0.131611
0.905539	0.0550476
0.90677	0.0607258
0.908001	0.0240579
0.909232	-0.0251186
0.910463	0.120679
0.911693	0.0198633
0.912924	0.0749627
0.914155	0.0741261
0.915386	0.220289
0.916616	0.162263
0.917847	-0.0278277
0.919078	0.0618615
0.920308	0.0673612
0.921539	0.120534
0.92277	0.12555
0.924	0.298078
0.925231	0.172532
0.926461	0.263223
0.927692	0.232022
0.928922	0.262393
0.930153	0.232602
0.931383	0.202283
0.932614	0.104669
0.933844	0.167569
0.935074	0.175195
0.936305	0.168587
0.937535	0.15644
0.938765	0.183685
0.939996	0.0929237
0.941226	0.138368
0.942456	0.170913
0.943686	0.161031
0.944917	0.176703
0.946147	0.225604
0.947377	0.222451
0.948607	0.16274
0.949837	0.121041
0.951067	0.183477
0.952297	-0.212596
0.953527	0.264576
0.954757	0.08306
0.955987	0.170466
0.957217	0.154184
0.958447	0.203147
0.959677	0.389447
0.960907	0.199293
0.962137	0.235
0.963367	0.242312
0.964597	0.16933
0.965827	-0.0423446
0.967056	0.297436
0.968286	0.198339
0.969516	0.210737
0.970746	0.240911
0.971975	0.285428
0.973205	0.169285
0.974435	0.141859
0.975664	0.127214
0.976894	0.166603
0.978124	0.208118
0.979353	0.247963
0.980583	0.342406
0.981812	0.466093
0.983042	0.35747
0.984271	0.137447
0.985501	0.262807
0.98673	0.326916
0.98796	0.401341
0.989189	0.422905
0.990418	0.452587
0.991648	0.425532
0.992877	0.382196
0.994106	0.357289
0.995336	0.366703
0.996565	0.285021
0.997794	0.415666
0.999023	0.436078
1.00025	0.448232
1.00148	0.480547
1.00271	0.521111
1.00394	0.560312
1.00517	0.520929
1.0064	0.422032
1.00763	0.395645
1.00886	0.417227
1.01008	0.398336
1.01131	0.471475
1.01254	0.549509
1.01377	0.596708
1.015	0.477147
1.01623	0.50341
1.01746	0.340168
1.01869	0.423763
1.01992	0.405645
1.02115	0.302441
1.02237	0.354656
1.0236	0.323174
1.02483	0.434651
1.02606	0.327493
1.02729	0.391628
1.02852	0.514454
1.02975	0.389198
1.03098	0.437619
1.0322	0.459681
1.03343	0.458203
1.03466	0.503978
1.03589	0.467344
1.03712	0.405844
1.03835	0.438208
1.03957	0.397464
1.0408	0.364481
1.04203	0.365879
1.04326	0.322301
1.04449	0.489406
1.04572	0.464949
1.04694	0.443886
1.04817	0.477089
1.0494	0.400115
1.05063	0.483885
1.05186	0.470542
1.05308	0.393299
1.05431	0.415298
1.05554	0.344659
1.05677	0.372825
1.058	0.508846
1.05923	0.43269
1.06045	0.43318
1.06168	0.612612
1.06291	0.483668
1.06414	0.415231
1.06537	0.407648
1.06659	0.430541
1.06782	0.457338
1.06905	0.455493
1.07028	0.574272
1.0715	0.478984
1.07273	0.477265
1.07396	0.416286
1.07519	0.377604
1.07642	0.298494
1.07764	0.516467
1.07887	0.620701
1.0801	0.495383
1.08133	0.551455
1.08255	0.563944
1.08378	0.557027
1.08501	0.496875
1.08624	0.371712
1.08746	0.397648
1.08869	0.421502
1.08992	0.352059
1.09115	0.433081
1.09237	0.451483
1.0936	0.525826
1.09483	0.516784
1.09606	0.536418
1.09728	0.416219
1.09851	0.446729
1.09974	0.453219
1.10097	0.418246
1.10219	0.316549
1.10342	0.465771
1.10465	0.557508
1.10587	0.877053
1.1071	0.507117
1.10833	0.425153
1.10955	0.363153
1.11078	0.416253
1.11201	0.442135
1.11324	0.450136
1.11446	0.49599
1.11569	0.474291
1.11692	0.729943
1.11814	0.43258
1.11937	0.453026
1.1206	0.523616
1.12182	0.451945
1.12305	0.46328
1.12428	0.439079
1.1255	0.557915
1.12673	0.499651
1.12796	0.453495
1.12918	0.375723
1.13041	0.411786
1.13164	0.402687
1.13286	0.47096
1.13409	0.492333
1.13532	0.515951
1.13654	0.400669
1.13777	0.443806
1.139	0.45666
1.14022	0.38436
1.14145	0.414815
1.14267	0.528095
1.1439	0.413006
1.14513	0.358224
1.14635	0.239569
1.14758	0.321267
1.14881	0.286898
1.15003	0.314664
1.15126	0.421925
1.15248	0.413632
1.15371	0.355304
1.15494	0.364032
1.15616	0.376958
1.15739	0.227344
1.15861	0.317933
1.15984	0.325704
1.16107	0.313469
1.16229	0.39684
1.16352	0.365606
1.16474	0.282941
1.16597	0.318023
1.1672	0.409603
1.16842	0.294641
1.16965	0.31404
1.17087	0.445791
1.1721	0.367176
1.17332	0.345359
1.17455	0.374295
1.17578	0.33911
1.177	0.381057
1.17823	0.401422
1.17945	0.421357
1.18068	0.455847
1.1819	0.404085
1.18313	0.410684
1.18435	0.378067
1.18558	0.349355
1.1868	0.440315
1.18803	0.434547
1.18926	0.33326
1.19048	0.336359
1.19171	0.261369
1.19293	0.331403
1.19416	0.349047
1.19538	0.390072
1.19661	0.421847
1.19783	0.360668
1.19906	0.308148
1.20028	0.270185
1.20151	0.271221
1.20273	0.308066
1.20396	0.429439
1.20518	0.467753
1.20641	0.398429
1.20763	0.403596
1.20886	0.321086
1.21008	0.279321
1.21131	0.272093
1.21253	0.309785
1.21375	0.261239
1.21498	0.30475
1.2162	0.304267
1.21743	0.28122
1.21865	0.320636
1.21988	0.236649
1.2211	0.346317
1.22233	0.321851
1.22355	0.346027
1.22478	0.303482
1.226	0.166132
1.22723	0.183247
1.22845	0.146468
1.22967	0.177648
1.2309	0.16583
1.23212	0.235526
1.23335	0.231693
1.23457	0.124149
1.2358	0.0791608
1.23702	0.125888
1.23824	0.221479
1.23947	0.327292
1.24069	0.3441
1.24192	0.182341
1.24314	0.26174
1.24436	-0.274207
1.24559	0.226903
1.24681	0.173561
1.24804	0.260387
1.24926	0.254728
1.25048	0.169409
1.25171	0.214792
1.25293	0.163894
1.25416	0.197076
1.25538	0.171003
1.2566	0.194506
1.25783	0.206287
1.25905	0.177107
1.26027	0.101314
1.2615	0.0948559
1.26272	0.155368
1.26395	0.210383
1.26517	0.223729
1.26639	0.199939
1.26762	0.158923
1.26884	0.148923
1.27006	0.164513
1.27129	0.102923
1.27251	0.0944245
1.27373	0.0575155
1.27496	0.177031
1.27618	0.0627677
1.2774	0.0197734
1.27863	0.072046
1.27985	0.134729
1.28107	0.156141
1.2823	0.148769
1.28352	0.17495
1.28474	0.311113
1.28596	0.144815
1.28719	0.161915
1.28841	0.147099
1.28963	0.149379
1.29086	0.176934
1.29208	0.105007
1.2933	0.135698
1.29452	0.0173653
1.29575	0.0969586
1.29697	0.186457
1.29819	0.119604
1.29942	0.215523
1.30064	0.104207
1.30186	0.160433
1.30308	0.157968
1.30431	0.139019
1.30553	0.183513
1.30675	0.196276
1.30797	0.237476
1.3092	0.127124
1.31042	0.139696
1.31164	0.0957623
1.31286	0.203403
1.31409	0.114747
1.31531	0.0152852
1.31653	0.114436
1.31775	-0.0242821
1.31898	0.0147623
1.3202	0.0625982
1.32142	0.042007
1.32264	0.089707
1.32386	0.188634
1.32509	0.203923
1.32631	0.090423
1.32753	0.182549
1.32875	0.294602
1.32997	0.229594
1.3312	0.17046
1.33242	0.250587
1.33364	0.139479
1.33486	0.212905
1.33608	0.153767
1.33731	0.0578145
1.33853	0.157277
1.33975	0.0650418
1.34097	0.20176
1.34219	0.145232
1.34341	0.217483
1.34464	0.174594
1.34586	0.254148
1.34708	0.13934
1.3483	0.175875
1.34952	0.177904
1.35074	0.156386
1.35196	0.206774
1.35319	0.145359
1.35441	0.197094
1.35563	0.174413
1.35685	0.175703
1.35807	0.312675
1.35929	0.289628
1.36051	0.197131
1.36173	0.281731
1.36295	0.290365
1.36418	0.296783
1.3654	0.344441
1.36662	0.439729
1.36784	0.183902
1.36906	0.205478
1.37028	0.212056
1.3715	0.186777
1.37272	0.174987
1.37394	0.242928
1.37516	0.271574
1.37639	0.307032
1.37761	0.320292
1.37883	0.0680109
1.38005	-0.116779
1.38127	0.262776
1.38249	0.366675
1.38371	0.303974
1.38493	0.345755
1.38615	0.31481
1.38737	0.173731
1.38859	0.242466
1.38981	0.293866
1.39103	0.386318
1.39225	0.336718
1.39347	0.275691
1.39469	0.210265
1.39591	0.340164
1.39713	0.303421
1.39835	0.311283
1.39957	0.343184
1.40079	0.267167
1.40201	0.340502
1.40323	0.344909
1.40445	0.251412
1.40567	0.253293
1.40689	0.250149
1.40811	0.353311
1.40933	0.219259
1.41055	0.283449
1.41177	0.269602
1.41299	0.281465
1.41421	0.265585
1.41543	0.376228
1.41665	0.39267
1.41787	0.378209
1.41909	0.515861
1.42031	0.524179
1.42153	0.487771
1.42275	0.45277
1.42397	0.405098
1.42519	0.38479
1.42641	0.390863
1.42763	0.416363
1.42885	0.451517
1.43007	0.375035
1.43129	0.495481
1.43251	0.390462
1.43372	0.459928
1.43494	0.355773
1.43616	0.368261
1.43738	0.376835
1.4386	0.47797
1.43982	0.367808
1.44104	0.34262
1.44226	0.424007
1.44348	0.362018
1.4447	0.33532
1.44592	0.418975
1.44713	0.441146
1.44835	0.513798
1.44957	0.551997
1.45079	0.544815
1.45201	0.513261
1.45323	0.488396
1.45445	0.483135
1.45567	0.382791
1.45688	0.331237
1.4581	0.385751
1.45932	0.364863
1.46054	0.466754
1.46176	0.489963
1.46298	0.466699
1.46419	0.495409
1.46541	0.503363
1.46663	0.410555
1.46785	0.470172
1.46907	0.491114
1.47029	0.492733
1.47151	0.473461
1.47272	0.493225
1.47394	0.446788
1.47516	0.411398
1.47638	0.536105
1.4776	0.516607
1.47881	0.539787
1.48003	0.490151
1.48125	0.497326
1.48247	0.392063
1.48368	0.527153
1.4849	0.425616
1.48612	0.620895
1.48734	0.637069
1.48856	0.571715
1.48977	0.520044
1.49099	0.562253
1.49221	0.642253
1.49343	0.514982
1.49464	0.485334
1.49586	0.598241
1.49708	0.642722
1.4983	0.679302
1.49951	0.686376
1.50073	0.674485
1.50195	0.619597
1.50317	0.618688
1.50438	0.629705
1.5056	0.595179
1.50682	0.652486
1.50804	0.596614
1.50925	0.61484
1.51047	0.601005
1.51169	0.566898
1.5129	0.557343
1.51412	0.591295
1.51534	0.600796
1.51655	0.565307
1.51777	0.505272
1.51899	0.65248
1.52021	0.707486
1.52142	0.750293
1.52264	0.767995
1.52386	0.66714
1.52507	0.603877
1.52629	0.576125
1.52751	0.608015
1.52872	0.629542
1.52994	0.722767
1.53116	0.758904
1.53237	0.800784
1.53359	0.832121
1.5348	0.777876
1.53602	0.762447
1.53724	0.833516
1.53845	0.806263
1.53967	0.845627
1.54089	0.795109
1.5421	0.87642
1.54332	0.92509
1.54453	0.874521
1.54575	0.890156
1.54697	1.48165
1.54818	1.05885
1.5494	1.06997
1.55061	1.13063
1.55183	1.04101
1.55305	0.907489
1.55426	1.04725
1.55548	0.960598
1.55669	0.969954
1.55791	0.968462
1.55913	0.981062
1.56034	0.986411
1.56156	1.00619
1.56277	0.969598
1.56399	0.994481
1.5652	1.01126
1.56642	1.07941
1.56763	1.14092
1.56885	1.15628
1.57006	1.19527
1.57128	0.990235
1.5725	1.06799
1.57371	1.1087
1.57492	1.13832
1.57614	1.18937
1.57736	1.14661
1.57857	1.19702
1.57979	1.17001
1.581	1.13739
1.58222	1.14255
1.58343	1.13214
1.58465	1.2508
1.58586	1.27265
1.58708	1.14365
1.58829	1.15639
1.5895	1.1538
1.59072	1.13833
1.59193	1.09981
1.59315	1.06073
1.59436	1.185
1.59558	1.1338
1.59679	1.01877
1.59801	0.950118
1.59922	1.06799
1.60044	1.11212
1.60165	1.09035
1.60287	0.979447
1.60408	1.09624
1.60529	1.03604
1.60651	1.02497
1.60772	1.05405
1.60894	1.09555
1.61015	1.04718
1.61136	0.953904
1.61258	0.989557
1.61379	1.04602
1.61501	0.978476
1.61622	1.00874
1.61744	1.03379
1.61865	0.968069
1.61986	0.968797
1.62108	0.91679
1.62229	0.928306
1.6235	0.997298
1.62472	0.956644
1.62593	0.45878
1.62715	0.962726
1.62836	0.884145
1.62957	0.845946
1.63079	0.87638
1.632	0.713839
1.63321	0.685169
1.63443	0.755853
1.63564	0.700333
1.63685	0.744551
1.63807	0.648897
1.63928	0.610739
1.64049	0.733243
1.64171	0.638218
1.64292	0.582418
1.64413	0.557957
1.64535	0.557275
1.64656	0.576504
1.64777	0.537556
1.64898	0.572647
1.6502	0.583239
1.65141	0.580155
1.65262	0.577957
1.65384	0.530187
1.65505	0.693277
1.65626	0.524714
1.65747	0.95196
1.65869	0.395015
1.6599	0.393097
1.66111	0.474471
1.66232	0.416935
1.66354	0.50737
1.66475	0.485697
1.66596	0.435107
1.66717	0.446161
1.66839	0.389325
1.6696	0.381593
1.67081	0.409909
1.67202	0.414738
1.67324	0.423672
1.67445	0.429374
1.67566	0.395002
1.67687	0.320701
1.67808	0.320891
1.6793	0.346067
1.68051	0.276069
1.68172	0.31556
1.68293	0.309287
1.68414	0.297605
1.68535	0.298469
1.68657	0.33996
1.68778	0.378358
1.68899	0.26256
1.6902	0.313558
1.69141	0.281022
1.69262	0.291988
1.69384	0.304832
1.69505	0.300834
1.69626	0.290825
1.69747	0.370339
1.69868	0.406863
1.69989	0.311606
1.7011	0.229791
1.70232	0.746175
1.70353	0.218236
1.70474	0.23198
1.70595	0.287352
1.70716	0.275498
1.70837	0.297889
1.70958	0.267983
1.71079	0.274027
1.712	0.396943
1.71321	0.271746
1.71443	0.218746
1.71564	0.195584
1.71685	0.214883
1.71806	0.269028
1.71927	0.219329
1.72048	0.237093
1.72169	0.22533
1.7229	0.224484
1.72411	0.15911
1.72532	0.114648
1.72653	0.155015
1.72774	0.138425
1.72895	0.126215
1.73016	0.133904
1.73137	0.192223
1.73258	0.158594
1.73379	0.193431
1.735	0.16056
1.73621	0.242858
1.73742	0.311548
1.73863	0.296858
1.73984	0.231777
1.74105	0.244432
1.74226	0.128561
1.74347	0.196442
1.74468	0.164142
1.74589	0.175832
1.7471	0.200132
1.74831	0.275941
1.74952	0.109716
1.75073	0.154106
1.75194	0.122433
1.75315	0.209132
1.75436	0.163945
1.75557	0.102262
1.75678	0.0534171
1.75799	0.0998971
1.7592	0.0795986
1.76041	0.129026
1.76162	0.185361
1.76283	0.136797
1.76404	0.0664276
1.76525	0.10298
1.76645	-0.477721
1.76766	0.0464708
1.76887	-0.0130651
1.77008	0.0439793
1.77129	0.11855
1.7725	0.0772766
1.77371	0.181429
1.77492	0.0819578
1.77613	0.0787503
1.77734	0.120359
1.77854	0.131286
1.77975	0.0915225
1.78096	0.11083
1.78217	0.505806
1.78338	0.0682611
1.78459	0.173112
1.78579	0.14764
1.787	0.184549
1.78821	0.131805
1.78942	0.100568
1.79063	-0.00957388
1.79184	0.0354624
1.79305	0.0498171
1.79425	0.0632989
1.79546	-0.00780108
1.79667	0.0168524
1.79788	0.133859
1.79908	0.12803
1.80029	0.210685
1.8015	0.289019
1.80271	0.265259
1.80392	0.201543
1.80512	0.644665
1.80633	0.094585
1.80754	-0.0455014
1.80875	0.0518563
1.80996	0.0471868
1.81116	0.0202349
1.81237	0.154435
1.81358	0.0989428
1.81479	-0.0485548
1.81599	0.0452808
1.8172	-0.00231405
1.81841	0.0503155
1.81962	0.00676207
1.82082	0.171224
1.82203	0.204313
1.82324	0.206686
1.82444	0.0731536
1.82565	0.135127
1.82686	0.116369
1.82807	-0.0258437
1.82927	0.091749
1.83048	0.130077
1.83169	0.138712
1.83289	-0.0718044
1.8341	0.0487566
1.83531	0.116302
1.83651	0.153671
1.83772	0.219262
1.83893	0.219271
1.84013	0.378203
1.84134	0.192479
1.84255	0.187571
1.84375	-0.0411944
1.84496	0.104209
1.84616	0.235519
1.84737	0.206021
1.84858	0.213919
1.84978	0.206384
1.85099	0.092573
1.8522	0.123876
1.8534	0.154516
1.85461	0.298519
1.85581	0.0418494
1.85702	0.0755718
1.85823	0.160697
1.85943	0.129512
1.86064	0.160191
1.86184	0.152049
1.86305	0.205039
1.86426	0.0965536
1.86546	0.187266
1.86667	-0.0259398
1.86787	-0.107278
1.86908	0.0938237
1.87028	0.243616
1.87149	0.273389
1.87269	0.147005
1.8739	-0.144067
1.87511	-0.0339473
1.87631	-0.17994
1.87752	-0.161104
