MATERIAL INFORMATION	
	Material = Whewellite (powder)
SAXS INSTRUMENT	
	Source = Cu K-alpha
	Wavelength = 1.5418 A 
	Sample-to-detector distance = 106 mm
	Exposure time = 500 s

===============================================================	
q (A^-1)	I(q)
===============================================================
0.00178309	0.525511
0.00301064	0.523935
0.00423819	0.530175
0.00546573	0.464276
0.00669328	0.401255
0.00792082	0.37646
0.00914837	0.379936
0.0103759	0.350516
0.0116035	0.309407
0.012831	0.251946
0.0140586	0.213279
0.0152861	0.202713
0.0165136	0.175754
0.0177412	0.0851526
0.0189687	0.0324464
0.0201963	0.116486
0.0214238	0.15559
0.0226514	-0.0445306
0.0238789	-0.0933239
0.0251064	0.392973
0.026334	0.673212
0.0275615	0.00645408
0.0287891	1.22505
0.0300166	7.1594
0.0312441	13.885
0.0324717	17.4821
0.0336992	17.4788
0.0349267	13.4076
0.0361543	7.82491
0.0373818	3.27409
0.0386094	0.445542
0.0398369	0.0224219
0.0410644	0.487101
0.042292	0.322723
0.0435195	0.00875772
0.044747	0.0307411
0.0459745	0.15073
0.0472021	0.127661
0.0484296	0.0639889
0.0496571	0.0689483
0.0508846	0.0876658
0.0521122	0.0784566
0.0533397	0.0581504
0.0545672	0.0524653
0.0557947	0.0504284
0.0570222	0.0362362
0.0582498	0.0388886
0.0594773	0.0412679
0.0607048	0.033817
0.0619323	0.0334098
0.0631598	0.0349628
0.0643873	0.0298674
0.0656148	0.0270238
0.0668423	0.0276458
0.0680698	0.0239533
0.0692973	0.024219
0.0705248	0.0263444
0.0717523	0.0166288
0.0729798	0.0181148
0.0742073	0.0187099
0.0754348	0.0146534
0.0766623	0.0186138
0.0778898	0.0197024
0.0791173	0.0208505
0.0803448	0.0156697
0.0815723	0.0152053
0.0827998	0.0154159
0.0840272	0.0131306
0.0852547	0.0155984
0.0864822	0.0086778
0.0877097	0.00914436
0.0889372	0.0103518
0.0901646	0.0183287
0.0913921	0.0160045
0.0926196	0.0151362
0.093847	0.00971892
0.0950745	0.00529848
0.096302	0.00844776
0.0975294	0.0064368
0.0987569	0.00709236
0.0999843	0.00799416
0.101212	0.00701352
0.102439	0.0001242
0.103667	0.00082188
0.104894	-0.00120852
0.106122	0.00195588
0.107349	0.00062532
0.108577	0.00452628
0.109804	0.00691308
0.111031	0.00702972
0.112259	-0.00071928
0.113486	0.00164376
0.114714	0.00252288
0.115941	0.00266004
0.117169	0.0047034
0.118396	0.00879336
0.119623	0.006426
0.120851	0.00303588
0.122078	0.0119707
0.123306	0.00043416
0.124533	0.00325728
0.12576	-0.00243432
0.126988	-0.00387828
0.128215	0.00070632
0.129442	0.00028836
0.13067	0.00456732
0.131897	0.00349488
0.133125	0.00068796
0.134352	-0.00195264
0.13558	-0.00058644
0.136807	-0.0018738
0.138034	0.00126468
0.139262	0.00222696
0.140489	1.08e-06
0.141716	0.00168588
0.142944	0.00626508
0.144171	-0.00037152
0.145398	-0.00052704
0.146626	6.48e-06
0.147853	-0.00201744
0.14908	0.0048816
0.150308	-0.000621
0.151535	0.00153684
0.152762	0.00248832
0.15399	0.008181
0.155217	0.00278424
0.156444	0.0023058
0.157672	0.00221508
0.158899	0.00211788
0.160126	0.00710748
0.161354	0.00755892
0.162581	0.00137484
0.163808	-0.00013392
0.165036	-0.0013716
0.166263	0.0027
0.16749	0.00334476
0.168717	0.0003618
0.169945	0.00021924
0.171172	-0.00243
0.172399	0.00309528
0.173626	0.00269136
0.174854	0.0023652
0.176081	0.00031644
0.177308	0.00365904
0.178536	0.00396468
0.179763	0.00189972
0.18099	0.00112752
0.182217	0.00062208
0.183445	0.00089424
0.184672	0.00163404
0.185899	0.00114048
0.187126	0.00211896
0.188354	0.00319788
0.189581	0.00296136
0.190808	0.00297432
0.192035	0.00196776
0.193262	0.00151092
0.19449	0.00057672
0.195717	0.00167832
0.196944	-0.00038448
0.198171	-0.00101952
0.199398	-0.0009396
0.200625	-0.00070848
0.201853	-0.00063288
0.20308	-0.00030672
0.204307	-0.00324972
0.205534	0.00173988
0.206761	0.0016686
0.207988	0.00113832
0.209216	0.00164268
0.210443	0.0017658
0.21167	-0.00034236
0.212897	0.00014256
0.214124	-0.00301968
0.215351	-0.00446472
0.216578	0.00129168
0.217805	-0.00097092
0.219033	0.00108756
0.22026	0.0002808
0.221487	0.00180252
0.222714	0.00050976
0.223941	-0.00232956
0.225168	-0.00345492
0.226395	-0.00126252
0.227622	0.00291168
0.228849	-0.00142344
0.230076	0.00039744
0.231303	-0.00160164
0.23253	3.24e-05
0.233757	-0.00142452
0.234985	7.344e-05
0.236212	-0.00230256
0.237439	-0.00093852
0.238666	0.00038556
0.239893	-0.00306288
0.24112	0.00327024
0.242347	0.00077544
0.243574	-0.00129276
0.244801	-0.0006426
0.246028	0.00046116
0.247255	0.00084348
0.248482	0.00104976
0.249709	0.0012636
0.250935	0.0007128
0.252162	-0.00122796
0.253389	0.00228744
0.254616	-0.00020088
0.255843	0.00150012
0.25707	-3.348e-05
0.258297	0.00293652
0.259524	0.00474876
0.260751	0.00309312
0.261978	-0.00151848
0.263205	-0.00327888
0.264432	-0.00147744
0.265659	-0.00158976
0.266886	0.0014904
0.268112	0.00189108
0.269339	0.00060156
0.270566	0.00076788
0.271793	-7.776e-05
0.27302	-0.00019332
0.274247	-0.0001836
0.275474	-0.00240516
0.2767	0.00069336
0.277927	-0.0011178
0.279154	-0.0006102
0.280381	-0.00177552
0.281608	0.00131436
0.282835	0.00170424
0.284061	-0.00030132
0.285288	0.0002646
0.286515	0.00146772
0.287742	0.00098388
0.288969	0.00145584
0.290195	0.0008478
0.291422	-0.00025596
0.292649	-0.00022032
0.293876	0.00094716
0.295102	-0.00070308
0.296329	0.00340416
0.297556	0.00116532
0.298783	0.00072684
0.300009	0.00032184
0.301236	0.00130032
0.302463	0.00055728
0.303689	-0.00017928
0.304916	0.0015768
0.306143	-0.0012528
0.307369	-0.00026136
0.308596	-0.00065772
0.309823	-0.00210168
0.311049	0.00202068
0.312276	6.48e-06
0.313503	0.002835
0.314729	-0.00049464
0.315956	-0.00171612
0.317183	0.00088776
0.318409	-0.00053892
0.319636	0.00102492
0.320862	-3.024e-05
0.322089	0.00330804
0.323316	0.00716796
0.324542	-0.0003996
0.325769	0.00126684
0.326995	0.0036666
0.328222	0.00270432
0.329448	0.00229608
0.330675	-0.00131328
0.331901	0.00083376
0.333128	0.0010422
0.334355	0.00142344
0.335581	0.00164376
0.336808	6.696e-05
0.338034	0.00220968
0.339261	0.00053568
0.340487	0.0005076
0.341713	0.0035424
0.34294	0.00154116
0.344166	-0.000135
0.345393	0.00119016
0.346619	0.00232308
0.347846	0.00200124
0.349072	0.00406512
0.350298	0.00259524
0.351525	-0.00202932
0.352751	0.00269568
0.353978	0.00239652
0.355204	0.002781
0.35643	0.00148824
0.357657	0.0019494
0.358883	0.0047142
0.36011	0.0032022
0.361336	0.00245268
0.362562	0.00086184
0.363789	0.00271404
0.365015	0.00202284
0.366241	0.00087912
0.367468	-2.268e-05
0.368694	0.00212868
0.36992	0.0012258
0.371146	0.00231552
0.372373	0.0010638
0.373599	0.0010908
0.374825	0.00127116
0.376051	0.00148284
0.377278	0.00137484
0.378504	0.0005832
0.37973	-0.00014688
0.380956	-7.992e-05
0.382182	-0.000675
0.383409	-0.00084996
0.384635	0.00081756
0.385861	7.56e-05
0.387087	-0.00223128
0.388313	-0.00014472
0.38954	-0.0024084
0.390766	-0.0017982
0.391992	-0.00803412
0.393218	-0.00255096
0.394444	-0.00184248
0.39567	-0.0015282
0.396896	0.00220212
0.398122	0.00217728
0.399348	0.0033372
0.400574	0.0025056
0.4018	0.00314496
0.403027	0.00208116
0.404253	0.00208872
0.405479	0.00135432
0.406705	0.00511488
0.407931	0.00306396
0.409157	0.00084348
0.410383	0.00135864
0.411609	0.00186192
0.412835	0.0018144
0.414061	0.00031752
0.415287	0.00037476
0.416512	0.00359424
0.417738	0.00339876
0.418964	0.00343764
0.42019	0.00352728
0.421416	0.0029214
0.422642	0.00219564
0.423868	-0.00155952
0.425094	0.00057456
0.42632	0.00100764
0.427546	0.00167184
0.428771	0.00231444
0.429997	0.00289548
0.431223	0.00279288
0.432449	0.0013338
0.433675	4.428e-05
0.434901	0.0027648
0.436126	-0.00124092
0.437352	0.0005346
0.438578	-0.00188568
0.439804	0.00308772
0.441029	0.0027648
0.442255	0.00647028
0.443481	0.0027054
0.444707	0.00386856
0.445932	0.00282096
0.447158	0.00210924
0.448384	0.00231336
0.449609	0.00105084
0.450835	-9.828e-05
0.452061	-5.184e-05
0.453286	0.00060372
0.454512	0.00086832
0.455738	0.00280152
0.456963	0.00111888
0.458189	0.00179388
0.459415	0.00059184
0.46064	0.00010476
0.461866	0.00073764
0.463091	-9.18e-05
0.464317	-0.00016308
0.465542	-0.0004968
0.466768	-0.00014148
0.467993	0.00367416
0.469219	0.00175824
0.470444	0.00286956
0.47167	0.0032022
0.472895	0.00164808
0.474121	0.00265032
0.475346	0.00211464
0.476572	0.00058752
0.477797	-0.0005994
0.479023	-5.832e-05
0.480248	-0.00194616
0.481474	0.00074628
0.482699	0.00240624
0.483924	-0.00105192
0.48515	0.00079704
0.486375	0.00180576
0.4876	0.00187596
0.488826	0.0011124
0.490051	0.00176256
0.491276	0.00109728
0.492502	0.00091584
0.493727	0.000972
0.494952	-0.00041796
0.496178	0.00065664
0.497403	0.00250344
0.498628	0.00348624
0.499853	0.00420336
0.501078	0.00306936
0.502304	0.00269244
0.503529	-0.00013284
0.504754	0.00017388
0.505979	0.00018792
0.507205	-0.00061236
0.50843	-0.00070848
0.509655	-0.0005292
0.51088	0.0003942
0.512105	-0.00016632
0.51333	0.00027108
0.514555	0.00047952
0.51578	0.00307476
0.517006	0.00337392
0.518231	0.00218376
0.519456	0.00209196
0.520681	0.00011124
0.521906	-0.00110808
0.523131	-0.00051192
0.524356	0.00101196
0.525581	0.00120096
0.526806	0.0006102
0.528031	0.0014094
0.529256	0.00070956
0.530481	0.00048276
0.531705	-0.00071172
0.53293	0.00046116
0.534155	-0.00020304
0.53538	0.00130032
0.536605	0.00233172
0.53783	0.0033156
0.539055	0.00330264
0.54028	0.0028566
0.541505	0.0010422
0.542729	0.00241488
0.543954	-0.00069336
0.545179	0.00195588
0.546404	-0.00101304
0.547629	0.00078192
0.548853	-0.00020412
0.550078	-0.00088344
0.551303	-0.00084024
0.552528	-0.0056322
0.553752	0.00142776
0.554977	0.00060264
0.556202	-0.00046872
0.557426	0.00607284
0.558651	-0.0002322
0.559876	0.00019764
0.5611	-0.00052056
0.562325	-0.00020196
0.56355	0.00088668
0.564774	1.404e-05
0.565999	0.00141372
0.567223	-0.00209088
0.568448	0.00016092
0.569673	-0.00033804
0.570897	0.00937224
0.572122	-1.512e-05
0.573346	0.0026136
0.574571	0.00103248
0.575795	-0.00625752
0.57702	0.00035532
0.578244	-0.00187812
0.579469	-0.00080352
0.580693	-0.00039744
0.581917	-0.00071388
0.583142	-0.00101952
0.584366	-0.00081972
0.585591	-4.428e-05
0.586815	-0.00083808
0.588039	0.00053568
0.589264	-0.00037476
0.590488	-0.00017712
0.591712	0.0009288
0.592936	0.00029484
0.594161	-0.00049032
0.595385	-0.00118044
0.596609	-0.00097308
0.597834	-0.00154872
0.599058	-0.00158004
0.600282	0.00179172
0.601506	0.00090612
0.60273	0.00090936
0.603955	0.00070524
0.605179	0.00183708
0.606403	0.00133056
0.607627	-0.0001242
0.608851	5.076e-05
0.610075	-0.00062748
0.611299	0.00055944
0.612524	-0.0006156
0.613748	-0.00048816
0.614972	-0.00106596
0.616196	0.00100332
0.61742	-0.0009288
0.618644	-0.00084672
0.619868	-0.0011178
0.621092	-0.00075924
0.622316	-0.00028404
0.62354	-0.00088452
0.624764	-0.00010152
0.625988	-0.0017604
0.627211	-0.00107676
0.628435	-0.0022194
0.629659	-0.00176364
0.630883	-0.00063828
0.632107	-0.00221616
0.633331	-0.0012636
0.634555	0.00029268
0.635778	-0.00031212
0.637002	-0.00097848
0.638226	-0.0010422
0.63945	-0.00033156
0.640674	-0.0026028
0.641897	-0.00104652
0.643121	-0.00222912
0.644345	-0.00021708
0.645568	-0.00084564
0.646792	0.00065016
0.648016	-0.00063612
0.649239	-0.00123876
0.650463	0.00048708
0.651687	-0.00030456
0.65291	-0.0004482
0.654134	-0.00189216
0.655357	-0.00099144
0.656581	0.00012744
0.657805	0.00064584
0.659028	0.0007614
0.660252	-0.00133488
0.661475	0.00023112
0.662699	0.00015336
0.663922	-0.00021924
0.665146	7.776e-05
0.666369	-0.00053352
0.667592	-0.00071496
0.668816	6.804e-05
0.670039	-0.00187164
0.671263	-0.0017226
0.672486	-0.00346464
0.673709	-0.00084996
0.674933	-0.00108756
0.676156	-0.00094284
0.677379	0.0010746
0.678603	-0.00171288
0.679826	6.264e-05
0.681049	0.00017928
0.682272	0.00156168
0.683496	0.00138672
0.684719	0.00136728
0.685942	5.4e-05
0.687165	0.00175068
0.688388	0.001566
0.689612	7.02e-05
0.690835	0.00034668
0.692058	-0.00575424
0.693281	-0.0006048
0.694504	9.288e-05
0.695727	-0.00183168
0.69695	-0.00038988
0.698173	0.00026352
0.699396	-0.00049788
0.700619	-0.00086616
0.701842	0.00010476
0.703065	-0.00072144
0.704288	0.00107244
0.705511	0.00165996
0.706734	0.00077328
0.707957	-0.00143208
0.70918	0.00054972
0.710403	0.00100008
0.711626	0.0006426
0.712848	0.00173232
0.714071	0.00189756
0.715294	0.00159408
0.716517	0.00096228
0.71774	0.000108
0.718962	-0.0001134
0.720185	-0.00095364
0.721408	-0.00254664
0.722631	-0.0012204
0.723853	-0.00016416
0.725076	-0.00141588
0.726299	-0.00093096
0.727521	-0.00121392
0.728744	-0.00041796
0.729967	8.748e-05
0.731189	0.0006426
0.732412	0.0010692
0.733634	-0.00090072
0.734857	-0.0017496
0.73608	-0.00080784
0.737302	-0.00115884
0.738525	-0.00088236
0.739747	0.00058428
0.74097	0.00038448
0.742192	-0.00023328
0.743414	0.001026
0.744637	-0.00040716
0.745859	-0.00084672
0.747082	-0.00073332
0.748304	-0.0020682
0.749526	-0.00053244
0.750749	-0.0003618
0.751971	-0.00108
0.753193	-0.00046656
0.754416	-0.00041148
0.755638	-0.00210276
0.75686	-0.0006372
0.758082	-0.00048708
0.759305	-0.00027108
0.760527	0.00074412
0.761749	0.00015012
0.762971	-0.001161
0.764193	-0.00169452
0.765415	-0.00052596
0.766637	-0.00024624
0.767859	0.00040284
0.769082	-0.00011448
0.770304	-0.00012528
0.771526	0.00047088
0.772748	-0.00122796
0.77397	-0.00231228
0.775192	-0.00239652
0.776414	-0.00128196
0.777636	-0.00095688
0.778858	0.00039636
0.78008	0.00103896
0.781301	0.00092232
0.782523	-0.00143424
0.783745	-0.00138348
0.784967	7.236e-05
0.786189	0.00093852
0.787411	0.00032616
0.788633	-0.00045036
0.789854	0.00051948
0.791076	0.00015552
0.792298	0.0002538
0.79352	0.00035316
0.794741	0.00028188
0.795963	0.00012636
0.797185	0.0017334
0.798406	0.00050652
0.799628	0.0006048
0.800849	0.00535464
0.802071	-2.052e-05
0.803293	8.856e-05
0.804514	-0.00071172
0.805736	0.000189
0.806957	0.00088776
0.808179	-0.0007128
0.8094	-0.0020412
0.810622	-0.00088236
0.811843	-0.00028404
0.813065	0.00064044
0.814286	0.00092124
0.815507	0.0011232
0.816729	0.0012042
0.81795	-1.728e-05
0.819172	0.00674568
0.820393	-8.64e-05
0.821614	0.0005778
0.822835	-0.00082296
0.824057	-0.0005994
0.825278	-0.00132948
0.826499	-0.00166644
0.82772	-0.00041688
0.828942	0.000459
0.830163	-0.00154548
0.831384	0.00091584
0.832605	0.00069228
0.833826	-0.00094392
0.835047	-0.0013014
0.836268	-0.00253908
0.837489	-0.00229176
0.83871	-0.00161244
0.839931	-0.00021492
0.841152	-0.00042444
0.842373	0.00198504
0.843594	0.00249912
0.844815	0.00170316
0.846036	0.0003078
0.847257	-0.0009342
0.848478	-0.00201744
0.849699	-0.00103356
0.85092	-0.00151956
0.852141	-0.00093636
0.853361	-0.00161784
0.854582	-0.00020736
0.855803	0.0004158
0.857024	0.0007128
0.858244	-0.00114048
0.859465	-0.0006048
0.860686	-0.00042012
0.861907	-0.00202932
0.863127	-0.00246996
0.864348	-0.00073548
0.865568	-0.00096984
0.866789	-0.00099684
0.86801	9.288e-05
0.86923	0.00040068
0.870451	-0.00093312
0.871671	-0.00037044
0.872892	0.00073116
0.874112	-0.00124848
0.875333	-0.00212004
0.876553	-0.00157356
0.877773	-0.00144828
0.878994	-0.00132732
0.880214	-0.0015498
0.881435	-0.00185544
0.882655	-0.0006804
0.883875	0.00062856
0.885096	0.00127224
0.886316	0.00206172
0.887536	0.00078624
0.888756	0.0003564
0.889977	-0.0001026
0.891197	0.00022788
0.892417	0.0001566
0.893637	-0.00834408
0.894857	-0.00103032
0.896077	0.00162756
0.897297	-0.00015444
0.898517	-0.00021708
0.899738	-0.00209736
0.900958	-0.00181872
0.902178	-0.00174312
0.903398	-0.0019386
0.904618	-0.00041904
0.905837	-0.00081432
0.907057	-0.0005562
0.908277	-0.000432
0.909497	-0.00030024
0.910717	-0.00780408
0.911937	0.00763884
0.913157	-0.0009936
0.914377	0.00068688
0.915596	0.00059184
0.916816	-0.0003726
0.918036	-0.00148068
0.919256	-0.0002862
0.920475	-0.00059832
0.921695	-0.00117396
0.922915	0.00054864
0.924134	-0.00026568
0.925354	-0.00153252
0.926574	-0.00110052
0.927793	0.00093852
0.929013	0.00070524
0.930232	0.00089208
0.931452	0.00078192
0.932671	0.00050652
0.933891	0.00052488
0.93511	0.0005454
0.93633	0.00029484
0.937549	1.08e-05
0.938768	0.00021816
0.939988	-0.00041148
0.941207	0.00032184
0.942426	-0.0003132
0.943646	0.002646
0.944865	-6.264e-05
0.946084	0.00045144
0.947303	-0.00090936
0.948523	0.00108324
0.949742	-0.00124524
0.950961	-0.00068796
0.95218	-0.00046872
0.953399	-0.00136836
0.954618	-0.00017712
0.955838	0.00058968
0.957057	-0.00067716
0.958276	-0.00060804
0.959495	-0.00011772
0.960714	-0.00030456
0.961933	-0.00022356
0.963152	-8.532e-05
0.964371	0.00075276
0.965589	0.00054864
0.966808	0.0003618
0.968027	-0.00128736
0.969246	-0.00020088
0.970465	-0.0004428
0.971684	-0.0001458
0.972903	-0.00063072
0.974121	-0.0029376
0.97534	-0.0008154
0.976559	-0.00174636
0.977777	-0.00198504
0.978996	-0.00216216
0.980215	-0.00031752
0.981433	-0.000702
0.982652	-9.396e-05
0.98387	0.00085968
0.985089	0.00103248
0.986308	0.00094176
0.987526	4.752e-05
0.988745	-0.00033372
0.989963	-0.00125712
0.991182	-1.404e-05
0.9924	0.00139104
0.993618	0.0016092
0.994837	0.00046224
0.996055	0.00069984
0.997274	0.0004428
0.998492	0.0006372
0.99971	0.00102168
1.00093	9.612e-05
1.00215	0.00075168
1.00337	0.00052596
1.00458	0.00140184
1.0058	0.00037584
1.00702	-0.0002646
1.00824	0.00036504
1.00946	0.00025596
1.01067	2.16e-05
1.01189	0.00057672
1.01311	0.00248184
1.01433	5.076e-05
1.01555	0.00143532
1.01676	5.4e-06
1.01798	0.00026568
1.0192	0.00110052
1.02042	0.00053568
1.02164	0.0010044
1.02285	-0.00074304
1.02407	0.00033264
1.02529	0.0011772
1.02651	0.00145368
1.02772	0.00143424
1.02894	0.00098604
1.03016	0.0021276
1.03138	0.00172584
1.0326	0.00267084
1.03381	0.00212652
1.03503	0.00121392
1.03625	0.00220752
1.03747	0.00507276
1.03868	0.00321084
1.0399	0.0030942
1.04112	0.0029214
1.04234	0.0036558
1.04355	0.0046872
1.04477	0.0067392
1.04599	0.006102
1.0472	0.0115841
1.04842	0.0106639
1.04964	0.0146437
1.05086	0.0182369
1.05207	0.0213646
1.05329	0.0241078
1.05451	0.0213214
1.05573	0.0186419
1.05694	0.0180749
1.05816	0.0180349
1.05938	0.0178654
1.0606	0.0240538
1.06181	0.0265129
1.06303	0.0258703
1.06425	0.0228442
1.06546	0.0228593
1.06668	0.0235386
1.0679	0.0134924
1.06911	0.01057
1.07033	0.007668
1.07155	0.00641304
1.07277	0.00714096
1.07398	0.00788184
1.0752	0.00741744
1.07642	0.00789372
1.07763	0.00799092
1.07885	0.0109728
1.08007	0.0096498
1.08128	0.0100948
1.0825	0.00891972
1.08372	0.00869508
1.08493	0.00808596
1.08615	0.0075816
1.08737	0.00680616
1.08858	0.00825444
1.0898	0.00691308
1.09102	0.00599724
1.09223	0.00410292
1.09345	0.003618
1.09467	0.00235656
1.09588	0.00265356
1.0971	0.00278208
1.09831	0.00373356
1.09953	0.0033264
1.10075	0.00231336
1.10196	0.00149364
1.10318	0.00246888
1.1044	0.00182952
1.10561	0.003267
1.10683	0.00102924
1.10804	0.00166968
1.10926	0.00048492
1.11048	0.0016686
1.11169	0.00341928
1.11291	0.00141804
1.11412	0.0006534
1.11534	0.00073224
1.11656	0.00155844
1.11777	0.00247428
1.11899	0.00184896
1.1202	0.00369792
1.12142	0.00185112
1.12264	0.00318384
1.12385	0.00180252
1.12507	0.00027648
1.12628	0.00058644
1.1275	0.00142776
1.12872	0.00285228
1.12993	0.00200772
1.13115	0.00042768
1.13236	0.00051732
1.13358	-0.00124308
1.13479	0.00075168
1.13601	0.00137052
1.13722	0.00110268
1.13844	0.0012474
1.13965	0.00158868
1.14087	0.00025272
1.14209	0.00168372
1.1433	0.00025272
1.14452	0.00295272
1.14573	0.00188676
1.14695	0.00077436
1.14816	0.00089532
1.14938	0.00036288
1.15059	-0.00038772
1.15181	0.00014364
1.15302	-0.00049248
1.15424	0.00026892
1.15545	4.968e-05
1.15667	0.00031104
1.15788	0.00061452
1.1591	0.0016578
1.16032	0.00084996
1.16153	0.00195048
1.16274	0.00155196
1.16396	0.00033912
1.16518	-0.00662796
1.16639	-0.0058482
1.1676	0.00195588
1.16882	0.000378
1.17003	0.00162648
1.17125	0.0006858
1.17246	0.00160704
1.17368	0.0014796
1.17489	0.00053568
1.17611	0.0017172
1.17732	0.00206496
1.17854	0.00135756
1.17975	0.00109404
1.18097	0.00155196
1.18218	-0.0007452
1.1834	-0.00141912
1.18461	0.00046548
1.18582	0.00118476
1.18704	0.00131436
1.18825	0.00023976
1.18947	0.00194076
1.19068	0.00027648
1.1919	0.00027864
1.19311	0.0010962
1.19433	0.00050544
1.19554	0.0011232
1.19675	0.000648
1.19797	0.00099684
1.19918	0.00099468
1.2004	0.00228636
1.20161	0.00046116
1.20283	0.00087048
1.20404	0.0018252
1.20525	0.00139104
1.20647	-0.00094932
1.20768	0.00197748
1.2089	0.0011664
1.21011	0.00184896
1.21132	0.00058536
1.21254	0.00051732
1.21375	-0.00168156
1.21496	-0.002484
1.21618	0.00092664
1.21739	0.001647
1.21861	0.00158004
1.21982	0.00147528
1.22103	0.0011502
1.22225	0.00107352
1.22346	0.001944
1.22467	0.00211464
1.22589	0.00324432
1.2271	0.00165672
1.22831	0.00141696
1.22953	0.00145044
1.23074	0.00165564
1.23195	0.00155736
1.23317	0.00165888
1.23438	0.0017712
1.2356	0.00191484
1.23681	0.0017172
1.23802	0.0016254
1.23924	0.00195804
1.24045	0.0023112
1.24166	0.00143316
1.24288	0.00209088
1.24409	0.00132624
1.2453	0.00250776
1.24652	0.00141696
1.24773	0.00168264
1.24894	0.00108216
1.25015	0.00188676
1.25137	0.00107028
1.25258	0.00034668
1.25379	0.00108216
1.25501	0.00144504
1.25622	0.00117396
1.25743	0.0009504
1.25864	0.00062748
1.25986	0.0005832
1.26107	0.00117396
1.26228	0.00051192
1.2635	0.0005346
1.26471	0.0013068
1.26592	0.00105732
1.26713	0.00159732
1.26835	0.00144936
1.26956	0.00102816
1.27077	0.0006048
1.27198	0.00054216
1.2732	0.000648
1.27441	0.00053352
1.27562	0.00081216
1.27683	0.00017928
1.27805	0.0016848
1.27926	0.00083808
1.28047	0.00143424
1.28168	0.0001188
1.2829	-0.00027432
1.28411	0.00074952
1.28532	0.00101628
1.28653	-0.00020628
1.28774	-0.00038232
1.28896	0.00083484
1.29017	0.00109944
1.29138	0.0011016
1.29259	0.00082188
1.2938	0.00057888
1.29502	0.00196452
1.29623	-0.00017928
1.29744	-0.00093636
1.29865	0.00160596
1.29986	-0.00078516
1.30108	-0.00018792
1.30229	-0.00050436
1.3035	0.00030024
1.30471	0.00169128
1.30592	0.00207576
1.30713	0.00091476
1.30835	0.00196884
1.30956	0.00155844
1.31077	0.00128304
1.31198	0.00178956
1.31319	0.0010584
1.3144	0.00128628
1.31562	0.00112536
1.31683	0.00134676
1.31804	0.00656316
1.31925	-0.00031968
1.32046	0.00022572
1.32167	0.00156276
1.32288	0.00119772
1.32409	0.00047304
1.32531	0.00080028
1.32652	0.00091692
1.32773	0.00082836
1.32894	0.00117504
1.33015	0.00175716
1.33136	0.00014796
1.33257	0.00112644
1.33378	0.0020034
1.33499	0.00278964
1.33621	0.00302076
1.33742	0.00279936
1.33863	0.00150768
1.33984	0.00980748
1.34105	0.001512
1.34226	0.00107784
1.34347	0.00111024
1.34468	0.00139752
1.34589	0.00129924
1.3471	0.00189864
1.34831	-0.00019872
1.34952	-0.00064368
1.35073	0.00049572
1.35195	0.00132516
1.35315	0.00118368
1.35437	0.00060264
1.35558	0.00112644
1.35679	0.00281772
1.358	0.00145476
1.35921	0.00240408
1.36042	0.00252828
1.36163	0.00219348
1.36284	0.00299808
1.36405	0.00291924
1.36526	0.00249156
1.36647	0.0019548
1.36768	0.0014526
1.36889	0.00150228
1.3701	0.00121284
1.37131	0.00030132
1.37252	0.00160272
1.37373	0.00033588
1.37494	-0.0007722
1.37615	0.00067392
1.37736	0.00155088
1.37857	0.00041688
1.37978	0.00083916
1.38099	0.00128736
1.3822	0.00219132
1.38341	0.00297864
1.38462	0.00353268
1.38583	0.00182844
1.38704	0.00348516
1.38825	0.0025326
1.38946	0.0020088
1.39067	0.00143424
1.39188	0.00125064
1.39308	0.00206388
1.3943	0.0026406
1.3955	0.00215136
1.39671	0.00383832
1.39792	0.00379512
1.39913	0.0021222
1.40034	0.00174852
1.40155	0.00157464
1.40276	0.00301644
1.40397	0.00219672
1.40518	0.00240408
1.40639	0.0011502
1.4076	0.00103464
1.40881	0.00129168
1.41002	0.00105948
1.41122	0.00108648
1.41243	0.00124632
1.41364	0.00107352
1.41485	-0.00061992
1.41606	-0.00019656
1.41727	0.00028512
1.41848	0.00087048
1.41969	0.00215676
1.4209	0.00188568
1.4221	0.00146124
1.42331	0.00088128
1.42452	0.00029592
1.42573	-0.00069876
1.42694	-7.776e-05
1.42815	0.00196668
1.42936	-0.00020628
1.43056	0.0005508
1.43177	0.00153036
1.43298	0.00168156
1.43419	0.00087588
1.4354	0.00026352
1.43661	0.0012258
1.43781	0.00019224
1.43902	0.00102384
1.44023	-0.00025272
1.44144	0.00081648
1.44265	0.00165564
1.44386	0.00217512
1.44506	0.0017118
1.44627	0.001404
1.44748	0.00182088
1.44869	-0.00021924
1.4499	-0.00015336
1.4511	0.00105192
1.45231	0.00158112
1.45352	0.00161784
1.45473	0.001728
1.45594	0.00181224
1.45714	0.00137484
1.45835	0.00247752
1.45956	0.00184032
1.46077	0.00091692
1.46197	0.00098712
1.46318	0.00126036
1.46439	0.00246888
1.4656	-0.00013284
1.4668	0.00150552
1.46801	0.0027648
1.46922	0.0023598
1.47043	0.00079488
1.47163	0.00065016
1.47284	-0.00010476
1.47405	-0.00525312
1.47526	0.0007992
1.47646	0.00094608
1.47767	0.00074412
1.47888	0.00081756
1.48009	0.00036072
1.48129	0.00014904
1.4825	-0.00084024
1.48371	-0.0017226
1.48491	-0.00034344
1.48612	0.00212112
1.48733	0.0022734
1.48853	0.00115452
1.48974	0.00234576
1.49095	0.00841968
1.49215	0.00128628
1.49336	0.0081432
1.49457	-1.188e-05
1.49578	-0.00032292
1.49698	0.00091692
1.49819	0.00193644
1.4994	0.002214
1.5006	0.00193212
1.50181	0.00164268
1.50301	0.00251208
1.50422	0.0015984
1.50543	0.00085968
1.50663	0.00124092
1.50784	0.00217188
1.50905	0.00159084
1.51025	0.00221508
1.51146	0.0020466
1.51266	0.00213084
1.51387	0.0008424
1.51508	0.00124308
1.51628	0.00216108
1.51749	0.00185652
1.5187	0.00109836
1.5199	0.00039744
1.52111	0.00157356
1.52231	0.00176472
1.52352	0.0004698
1.52472	0.00148392
1.52593	0.00023328
1.52714	0.00090288
1.52834	0.0006696
1.52955	0.00044496
1.53075	0.00090504
1.53196	0.00178416
1.53317	0.00134352
1.53437	0.00123876
1.53558	0.00076572
1.53678	0.00164808
1.53799	0.0017766
1.53919	0.0010638
1.5404	0.00289764
1.5416	0.0017388
1.54281	0.00137916
1.54401	0.00014688
1.54522	0.00132732
1.54643	0.00034128
1.54763	-0.00545184
1.54884	0.00093636
1.55004	-0.00395064
1.55125	0.0010692
1.55245	0.0015984
1.55366	0.00092124
1.55486	0.0012906
1.55607	6.156e-05
1.55727	0.00043848
1.55848	0.00127872
1.55968	0.00162324
1.56089	0.00013392
1.56209	0.00127116
1.5633	0.00098712
1.5645	9.612e-05
1.5657	0.0007722
1.56691	4.32e-06
1.56811	0.00058212
1.56932	-0.00098712
1.57052	0.0006534
1.57173	0.00023328
1.57293	0.0009882
1.57414	0.0010692
1.57534	0.00257256
1.57655	0.0029052
1.57775	0.0027216
1.57895	0.00338688
1.58016	0.00061344
1.58136	0.00208872
1.58257	0.00153576
1.58377	0.00076896
1.58498	0.00137052
1.58618	-0.0004644
1.58738	0.00118908
1.58859	0.00100224
1.58979	0.00144072
1.591	0.00145368
1.5922	0.00139212
1.5934	0.00155088
1.59461	0.0011772
1.59581	0.00109512
1.59702	9.18e-05
1.59822	0.0008748
1.59942	0.00176148
1.60063	0.00178632
1.60183	0.0014202
1.60303	-0.00472068
1.60424	0.0010854
1.60544	0.00066204
1.60664	0.00217404
1.60785	0.0011772
1.60905	0.00172476
1.61025	0.00099684
1.61146	0.00065232
1.61266	0.0006318
1.61386	0.00137376
1.61507	0.00126252
1.61627	0.00234252
1.61747	0.00192564
1.61868	0.00084672
1.61988	0.00159516
1.62108	0.00102168
1.62229	-0.00030672
1.62349	0.00048708
1.62469	0.00108648
1.62589	0.00145044
1.6271	0.00179388
1.6283	0.00069012
1.6295	-8.856e-05
1.63071	0.00072144
1.63191	1.08e-06
1.63311	0.00089856
1.63431	0.00101844
1.63552	0.00131544
1.63672	0.0022572
1.63792	0.00232524
1.63912	0.00278316
1.64033	0.00132192
1.64153	0.0003834
1.64273	0.00081972
1.64393	0.00124848
1.64514	0.00117612
1.64634	0.00053676
1.64754	0.00082404
1.64874	0.00099252
1.64994	0.00067392
1.65115	0.00124416
1.65235	0.00308664
1.65355	0.00314064
1.65475	0.0030132
1.65596	0.00354888
1.65716	0.00279396
1.65836	0.00205092
1.65956	0.0021438
1.66076	0.00285552
1.66196	0.00176688
1.66317	0.00101952
1.66437	0.0013068
1.66557	0.00305964
1.66677	0.00125388
1.66797	0.00201096
1.66917	0.00110052
1.67037	0.00150336
1.67158	0.00155952
1.67278	0.0003294
1.67398	0.00086616
1.67518	0.00124308
1.67638	0.00134352
1.67758	0.0015552
1.67879	0.00150444
1.67999	0.00153144
1.68119	0.00134676
1.68239	0.00058752
1.68359	-0.00053676
1.68479	0.00030672
1.68599	0.00085104
1.68719	0.00029376
1.68839	0.00040824
1.68959	0.0071496
1.6908	0.00037584
1.692	0.00115776
1.6932	0.00126036
1.6944	0.00160272
1.6956	0.00439452
1.6968	0.00586764
1.698	0.0045252
1.6992	0.00457596
1.7004	0.00475308
1.7016	0.00320976
1.7028	0.00338796
1.704	0.00206388
1.7052	0.00259308
1.7064	0.00188028
1.7076	0.00351432
1.7088	0.0044496
1.71	0.00511272
1.7112	0.00687096
1.7124	0.0067608
1.7136	0.00720576
1.7148	0.00944568
1.716	0.0118066
1.7172	0.0114124
1.7184	0.0144202
1.7196	0.0140713
1.7208	0.012704
1.722	0.0134276
1.7232	0.0134071
1.7244	0.0140486
1.7256	0.0118271
1.7268	0.010233
1.728	0.0103248
1.7292	0.009531
1.7304	0.00854928
1.7316	0.00962064
1.7328	0.00824148
1.734	0.00631584
1.7352	0.00521208
1.7364	0.0037746
1.7376	0.00326592
1.7388	0.00228096
1.74	0.00288576
1.7412	0.0026568
1.7424	0.0034236
1.74359	0.0029376
1.74479	0.00355428
1.74599	0.00168696
1.74719	0.00216
1.74839	7.668e-05
1.74959	0.00026244
1.75079	7.56e-06
1.75199	-0.00031536
1.75319	-0.00074628
1.75438	0.0011124
1.75558	0.00793584
1.75678	-0.00010368
1.75798	8.1e-05
1.75918	-0.00058968
1.76038	-7.02e-05
1.76158	-0.00031644
1.76278	0.00080784
1.76397	0.00093852
1.76517	0.00107244
1.76637	-0.00045576
1.76757	-0.00051084
1.76877	-5.724e-05
1.76997	0.00069984
1.77116	-0.0011934
1.77236	-0.00068148
1.77356	-0.00017604
1.77476	-0.00139428
1.77596	-0.00060264
1.77716	-0.00156384
1.77835	-0.00063612
1.77955	-0.00065556
1.78075	0.00081
1.78195	-0.0007992
1.78314	0.001026
1.78434	0.00017172
1.78554	-0.00061452
1.78674	-0.0007722
1.78793	-0.0002052
1.78913	0.00055512
1.79033	3.24e-05
1.79153	-0.00083592
1.79273	-0.00155628
1.79392	-0.00102708
1.79512	-0.00062424
1.79632	-0.0018846
1.79752	-0.00241488
1.79871	0.00012096
1.79991	-0.00093096
1.80111	8.64e-05
1.8023	-0.00200448
1.8035	-0.00039852
1.8047	-0.00063288
1.8059	-0.00026352
1.80709	-0.00248724
1.80829	-0.0013608
1.80949	-0.00180036
1.81068	-0.00063828
1.81188	-0.0014472
1.81308	-0.00100872
1.81427	0.00058968
1.81547	-0.00110268
1.81667	-0.00208008
1.81786	-0.00512784
1.81906	-0.00547236
1.82026	-0.00284472
1.82145	-0.00235656
1.82265	-0.00228096
1.82385	-0.002916
1.82504	-0.00039528
1.82624	-0.00170964
1.82743	-0.00111564
1.82863	-0.0007452
1.82983	-0.0012906
1.83102	-0.00323784
1.83222	-0.00236736
1.83342	-0.00031104
1.83461	-0.00030024
1.83581	-0.00331992
1.837	-0.00209844
1.8382	-0.003213
1.8394	-0.00229932
1.84059	-0.00030456
1.84179	-0.00586224
1.84298	-3.456e-05
1.84418	-0.0005238
1.84538	-0.00096768
1.84657	-0.00115992
1.84777	-0.00116208
1.84896	-0.00122688
1.85016	-0.00115236
1.85135	-0.00682992
1.85255	-0.00157788
1.85374	-0.00364824
1.85494	-0.00231876
1.85613	-0.00110376
1.85733	-0.00522396
1.85852	-0.0003726
1.85972	-0.00364608
1.86091	-0.00119448
1.86211	-0.00150552
1.86331	-0.00339984
1.8645	-0.00414504
